stopId,stopName,stopDegree,stopLatitude,stopLongitude
0,ALEXANDRA PALACE,7,51.59793,-0.12023
1,ACHANALT,2,57.60958,-4.91386
2,ABERDARE,1,51.71506,-3.44310
3,ALTNABREAC,2,58.38813,-3.70629
4,ABERDEEN,4,57.14369,-2.09869
5,ABER,2,51.57496,-3.22984
6,ASHURST (KENT) - BALD FACED STAG PH,2,51.13070,0.15847
7,ABERERCH,2,52.89860,-4.37420
8,ABBEY WOOD (LONDON),4,51.49107,0.12141
9,ASHBURYS,5,53.47166,-2.19444
10,ACTON BRIDGE,2,53.26652,-2.60312
11,ACTON CENTRAL,2,51.50872,-0.26297
12,ACOCKS GREEN,3,52.44933,-1.81898
13,ACHNASHELLACH,2,57.48205,-5.33306
14,ACKLINGTON,2,55.30710,-1.65184
15,ACLE,2,52.63471,1.54393
16,ACHNASHEEN,2,57.57927,-5.07233
17,ACCRINGTON,6,53.75298,-2.36955
18,ASCOT,5,51.40625,-0.67583
19,ABERCYNON,3,51.64471,-3.32700
20,ADLINGTON (CHESHIRE),2,53.31957,-2.13356
21,ADDERLEY PARK,2,52.48309,-1.85594
22,ARDWICK,2,53.47157,-2.21432
23,ADLINGTON (LANCS),2,53.61326,-2.60307
24,ADISHAM,2,51.24120,1.19910
25,ARDROSSAN TOWN,1,55.63970,-4.81267
26,AIRDRIE,3,55.86397,-3.98290
27,ARDROSSAN HARBOUR,2,55.63986,-4.82111
28,ANDOVER,4,51.21155,-1.49224
29,ADDIEWELL,2,55.84340,-3.60652
30,ASHFORD INTERNATIONAL,10,51.14371,0.87621
31,ASHFORD (SURREY),2,51.43651,-0.46806
32,ANSDELL & FAIRHAVEN,2,53.74147,-2.99304
33,ABERGELE & PENSARN,2,53.29459,-3.58263
34,ANGEL ROAD,2,51.61241,-0.04878
35,ARGYLE STREET,5,55.85729,-4.25069
36,ALDRINGTON,2,50.83638,-0.18382
37,ABERGAVENNY,3,51.81669,-3.00966
38,ASHTEAD,2,51.31787,-0.30757
39,ASHTON-UNDER-LYNE,2,53.49128,-2.09431
40,ASHURST (KENT),2,51.12866,0.15266
41,ALDERSHOT,3,51.24642,-0.75986
42,ASH VALE,4,51.27225,-0.72165
43,AIGBURTH,2,53.36458,-2.92716
44,AINTREE,2,53.47392,-2.95629
45,AIRBLES,2,55.78282,-3.99418
46,ALBRIGHTON,2,52.63796,-2.26891
47,ALDERLEY EDGE,3,53.30380,-2.23680
48,ALFRETON,6,53.10046,-1.36969
49,ASLOCKTON,4,52.95157,-0.89809
50,ALNMOUTH,7,55.39277,-1.63664
51,ALTHORNE,2,51.64788,0.75250
52,ALLOA,1,56.11778,-3.79005
53,ALTHORPE,2,53.58552,-0.73318
54,ALRESFORD (ESSEX),2,51.85401,0.99745
55,ALTRINCHAM,2,53.38773,-2.34689
56,ALVECHURCH,2,52.34608,-1.96766
57,ALLENS WEST,3,54.52463,-1.36112
58,ALEXANDRIA,2,55.98507,-4.57747
59,AMBERGATE,2,53.06054,-1.48069
60,AMMANFORD,2,51.79598,-3.99677
61,ACTON MAIN LINE,2,51.51719,-0.26676
62,AMERSHAM,2,51.67421,-0.60759
63,ALDERMASTON,3,51.40196,-1.13742
64,AMBERLEY,2,50.89667,-0.54199
65,ANCASTER,2,52.98771,-0.53562
66,ANDERSTON,2,55.85988,-4.27097
67,ASHURST NEW FOREST,3,50.88984,-1.52664
68,ANGMERING,7,50.81657,-0.48939
69,ANNIESLAND,3,55.88934,-4.32195
70,ANNAN,2,54.98384,-3.26258
71,AINSDALE,2,53.60205,-3.04266
72,ANERLEY,3,51.41215,-0.06588
73,ALTON,3,51.15196,-0.96692
74,APPLEY BRIDGE,4,53.57869,-2.71925
75,APPLEDORE (KENT),2,51.03324,0.81636
76,APPLEFORD,2,51.63964,-1.24214
77,ASPLEY GUISE,2,52.02125,-0.63233
78,NEWCASTLE AIRPORT METRO STATION,1,55.03595,-1.71105
79,APPLEBY,3,54.58035,-2.48669
80,APSLEY,2,51.73252,-0.46292
81,ARBROATH,3,56.55957,-2.58894
82,ARDGAY,2,57.88143,-4.36210
83,ARISAIG,2,56.91252,-5.83907
84,ARLESEY,3,52.02604,-0.26632
85,ARMADALE (W LOTHIAN),2,55.88570,-3.69541
86,ARNSIDE,3,54.20273,-2.82824
87,ARRAM,2,53.88435,-0.42656
88,ARROCHAR & TARBET,2,56.20396,-4.72276
89,ARUNDEL,5,50.84820,-0.54617
90,ARDROSSAN SOUTH BEACH,4,55.64141,-4.80121
91,ASHCHURCH FOR TEWKESBURY,4,51.99891,-2.10877
92,ASHFIELD,2,55.88891,-4.24921
93,ALSAGER,2,53.09302,-2.29906
94,ASH,4,51.24960,-0.71280
95,ASKAM,2,54.18894,-3.20452
96,ADDLESTONE,3,51.37305,-0.48445
97,ASPATRIA,2,54.75896,-3.33188
98,ALNESS,2,57.69438,-4.24973
99,ASTON,4,52.50424,-1.87193
100,ASHLEY,2,53.35574,-2.34146
101,ATTENBOROUGH,3,52.90623,-1.23142
102,ATHERSTONE,2,52.57898,-1.55281
103,ATTLEBOROUGH,3,52.51457,1.02236
104,ATHERTON,4,53.52916,-2.47898
105,ATTADALE,2,57.39502,-5.45557
106,AUDLEY END,6,52.00445,0.20731
107,AUGHTON PARK,2,53.55426,-2.89522
108,ARDLUI,2,56.30195,-4.72164
109,AUCHINLECK,2,55.47027,-4.29535
110,ABERDOUR,2,56.05458,-3.30056
111,ASCOTT-UNDER-WYCHWOOD,2,51.86734,-1.56406
112,AVONCLIFF,2,51.33965,-2.28134
113,AVIEMORE,4,57.18850,-3.82887
114,AVONMOUTH,2,51.50035,-2.69948
115,AYLESBURY VALE PARKWAY,1,51.83117,-0.86018
116,ABERDOVEY,2,52.54397,-4.05708
117,ADWICK,2,53.57234,-1.18036
118,ASHWELL & MORDEN,2,52.03078,-0.10978
119,ARMATHWAITE,2,54.80947,-2.77208
120,AXMINSTER,2,50.77926,-3.00475
121,ALEXANDRA PARADE,2,55.86316,-4.21064
122,AYLESHAM,4,51.22726,1.20946
123,AYLESFORD,2,51.30132,0.46618
124,ALBANY PARK,2,51.43545,0.12575
125,AYR,3,55.45813,-4.62587
126,AYLESBURY,3,51.81390,-0.81509
127,ABERYSTWYTH,1,52.41406,-4.08191
128,BARNHAM,8,50.83089,-0.63968
129,BALCOMBE,2,51.05551,-0.13693
130,BACHE,2,53.20880,-2.89168
131,BANSTEAD,2,51.32935,-0.21316
132,BAGSHOT,2,51.36437,-0.68866
133,BANK HALL,2,53.43750,-2.98752
134,BLAIRHILL,2,55.86644,-4.04328
135,BAGLAN,2,51.61554,-3.81116
136,BATTERSEA PARK,3,51.47696,-0.14753
137,BALHAM,6,51.44323,-0.15242
138,BAMFORD,2,53.33901,-1.68908
139,BANBURY,6,52.06031,-1.32813
140,BARE LANE,3,54.07455,-2.83533
141,BERE ALSTON,2,50.48559,-4.20040
142,BATTLE,6,50.91291,0.49471
143,BARTON-ON-HUMBER,1,53.68893,-0.44343
144,BARROW HAVEN,2,53.69743,-0.39295
145,BLACKWATER,4,51.33158,-0.77674
146,BAYFORD,2,51.75772,-0.09560
147,BISHOPBRIGGS,2,55.90386,-4.22491
148,BILBROOK,2,52.62373,-2.18609
149,BAT & BALL,2,51.28976,0.19424
150,BLACKBURN,8,53.74653,-2.47913
151,BORDESLEY,0,52.47188,-1.87776
152,BERRY BROW,2,53.62105,-1.79343
153,BURSCOUGH BRIDGE,6,53.60527,-2.84088
154,BECCLES,3,52.45854,1.56951
155,BRACKNELL,4,51.41309,-0.75170
156,BEACONSFIELD,4,51.61129,-0.64382
157,BIRCHGROVE,2,51.52156,-3.20186
158,BIRCHINGTON-ON-SEA,3,51.37750,1.30142
159,BURSCOUGH JUNCTION,2,53.59754,-2.84061
160,BUCKLEY,2,53.16305,-3.05594
161,BRANCHTON,2,55.94058,-4.80354
162,BICESTER NORTH,6,51.90349,-1.15038
163,BROCKENHURST,8,50.81683,-1.57354
164,BRUCE GROVE,2,51.59397,-0.06986
165,BROCKLEY,3,51.46465,-0.03753
166,BRUNDALL,4,52.61951,1.43931
167,BROADBOTTOM,3,53.44099,-2.01651
168,BRIDGETON,4,55.84895,-4.22605
169,BEDHAMPTON,4,50.85394,-0.99582
170,BRADFORD INTERCHANGE,2,53.79109,-1.74960
171,BALDOCK,3,51.99288,-0.18756
172,BIRKDALE,2,53.63407,-3.01446
173,BEDFORD,7,52.13620,-0.47944
174,BRADING,2,50.67836,-1.13872
175,BRADFORD FORSTER SQUARE,2,53.79693,-1.75296
176,BRIDLINGTON,3,54.08415,-0.19872
177,BEDWYN,2,51.37963,-1.59880
178,BREDBURY,2,53.42317,-2.11049
179,BRIDGE OF ALLAN,2,56.15662,-3.95723
180,BEBINGTON,2,53.35767,-3.00364
181,BECKENHAM HILL,3,51.42458,-0.01594
182,BEESTON,8,52.92077,-1.20766
183,BENFLEET,4,51.54395,0.56172
184,BELTRING,2,51.20470,0.40350
185,BEDWORTH,2,52.47931,-1.46739
186,BEAULY,2,57.47827,-4.46987
187,BEMPTON,2,54.12767,-0.18046
188,BENTHAM,2,54.11553,-2.51068
189,BEARLEY,2,52.24442,-1.75026
190,BESCAR LANE,2,53.62387,-2.91461
191,BETHNAL GREEN,3,51.52392,-0.05956
192,BEAULIEU ROAD,2,50.85504,-1.50476
193,BEVERLEY,4,53.84229,-0.42297
194,BEXHILL,4,50.84104,0.47703
195,BEN RHYDDING,2,53.92573,-1.79743
196,BRENTFORD,2,51.48755,-0.30965
197,BERE FERRERS,2,50.45127,-4.18148
198,BLAENAU FFESTINIOG,1,52.99457,-3.93860
199,BYFLEET & NEW HAW,3,51.34980,-0.48138
200,LONDON BLACKFRIARS,9,51.51181,-0.10333
201,BRUNDALL GARDENS,0,52.62347,1.41843
202,BARGOED,3,51.69231,-3.22969
203,BROAD GREEN,2,53.40651,-2.89349
204,BRIGG,2,53.54916,-0.48612
205,BRIGHOUSE,3,53.69821,-1.77944
206,BARGEDDIE,2,55.85129,-4.07380
207,BUGLE,2,50.40034,-4.79215
208,BELLINGHAM,3,51.43292,-0.01932
209,BRIDGEND,6,51.50698,-3.57530
210,BOGSTON,2,55.93703,-4.71139
211,BALLOCH,1,56.00292,-4.58347
212,BRITHDIR,2,51.71030,-3.22873
213,BATHGATE,3,55.89715,-3.63609
214,BIRMINGHAM INTERNATIONAL,6,52.45081,-1.72586
215,BUSH HILL PARK,2,51.64153,-0.06921
216,BIRMINGHAM NEW STREET,27,52.47783,-1.90020
217,BLACKHORSE ROAD,2,51.58661,-0.04123
218,BUILTH ROAD,2,52.16933,-3.42705
219,BROCKHOLES,2,53.59699,-1.76969
220,BISHOP AUCKLAND,1,54.65720,-1.67772
221,BILLERICAY,2,51.62889,0.41864
222,BIDSTON,3,53.40915,-3.07857
223,BARROW-IN-FURNESS,4,54.11900,-3.22613
224,BILLINGSHURST,3,51.01520,-0.45030
225,BIRKBECK,2,51.40389,-0.05573
226,BILLINGHAM,2,54.60561,-1.27972
227,BINGHAM,4,52.95421,-0.95154
228,BAILLIESTON,2,55.84449,-4.11369
229,BISHOPSTONE,3,50.78014,0.08276
230,BISHOPSTONE - HILL RISE,2,50.78231,0.08442
231,BISHOPS STORTFORD,8,51.86670,0.16491
232,BICESTER TOWN,1,51.89303,-1.14876
233,BIGGLESWADE,5,52.08469,-0.26118
234,BINGLEY,4,53.84863,-1.83732
235,BOOKHAM,2,51.28874,-0.38401
236,BIRKENHEAD CENTRAL,2,53.38833,-3.02083
237,BLAKEDOWN,2,52.40641,-2.17687
238,BARKING,9,51.53950,0.08091
239,BLACKHEATH,5,51.46580,0.00888
240,BECKENHAM JUNCTION,9,51.41104,-0.02581
241,BICKLEY,4,51.40011,0.04525
242,BERKHAMSTED,3,51.76314,-0.56201
243,BIRKENHEAD NORTH,3,53.40445,-3.05754
244,BROOKWOOD,3,51.30376,-0.63574
245,BIRKENHEAD PARK,2,53.39742,-3.03911
246,BIRKENHEAD HAMILTON SQUARE,3,53.39471,-3.01369
247,BLACKRIDGE,2,55.88115,-3.76520
248,BEKESBOURNE,2,51.26136,1.13672
249,BLAKE STREET,3,52.60490,-1.84491
250,BERKSWELL,3,52.39590,-1.64284
251,BLAIR ATHOLL,3,56.76553,-3.85022
252,BATTLESBRIDGE,2,51.62483,0.56530
253,BAILDON,2,53.85024,-1.75364
254,BRAMLEY (WEST YORKS),2,53.80536,-1.63720
255,BELLGROVE,4,55.85669,-4.22437
256,BELLSHILL,3,55.81706,-4.02449
257,BLACKROD,2,53.59154,-2.56953
258,BARDON MILL,2,54.97449,-2.34650
259,BELMONT,3,51.34381,-0.19885
260,BLUNDELLSANDS & CROSBY,2,53.48770,-3.03987
261,BLAYDON,2,54.96579,-1.71259
262,BELPER,2,53.02378,-1.48251
263,BLANTYRE,4,55.79732,-4.08696
264,BELLE VUE,2,53.46239,-2.18051
265,BULWELL,2,52.99972,-1.19623
266,BLOXWICH,2,52.61821,-2.01148
267,BLETCHLEY,4,51.99534,-0.73632
268,BAMBER BRIDGE,3,53.72688,-2.66077
269,BROMLEY CROSS,3,53.61406,-2.41090
270,BRIMSDOWN,4,51.65559,-0.03081
271,BROOME,2,52.42278,-2.88522
272,BROOMFLEET,2,53.74022,-0.67183
273,BARMING,3,51.28489,0.47896
274,BOURNEMOUTH,7,50.72726,-1.86451
275,BRAMHALL,2,53.36063,-2.16359
276,BROMLEY NORTH,2,51.40833,0.01700
277,BIRMINGHAM MOOR STREET,6,52.47909,-1.89247
278,BRAMPTON (CUMBRIA),2,54.93239,-2.70295
279,BROMBOROUGH RAKE,2,53.32992,-2.98948
280,BROMLEY SOUTH,16,51.39998,0.01735
281,BEDMINSTER,3,51.44009,-2.59416
282,BROMSGROVE,4,52.32230,-2.04735
283,BRAMLEY (HANTS),2,51.33029,-1.06100
284,BURNAGE,2,53.42119,-2.21568
285,BURNLEY CENTRAL,5,53.79352,-2.24497
286,BRANDON,2,52.45403,0.62473
287,BOURNE END,3,51.57712,-0.71047
288,BRITON FERRY,2,51.63789,-3.81928
289,BANGOR (GWYNEDD),5,53.22230,-4.13589
290,BARNEHURST,4,51.46496,0.15966
291,BARNES BRIDGE,2,51.47201,-0.25263
292,BARNHILL,2,55.87748,-4.22300
293,BURNHAM (BERKS),3,51.52350,-0.64637
294,BARNSTAPLE,2,51.07396,-4.06315
295,BROCKLEY WHINS,2,54.95954,-1.46135
296,BARNES,3,51.46709,-0.24216
297,BRINNINGTON,2,53.43213,-2.13512
298,BANAVIE,2,56.84329,-5.09542
299,BOOTLE NEW STRAND,2,53.45340,-2.99475
300,BARNSLEY,5,53.55432,-1.47716
301,BRADFORD-ON-AVON,4,51.34491,-2.25234
302,BOOTLE (CUMBRIA),2,54.29131,-3.39386
303,BODMIN PARKWAY,4,50.44586,-4.66297
304,BOTLEY,2,50.91644,-1.25924
305,BOGNOR REGIS,3,50.78655,-0.67618
306,BOSHAM,5,50.84273,-0.84744
307,BROMBOROUGH,2,53.32186,-2.98690
308,BOLTON,14,53.57416,-2.42583
309,BOWES PARK,2,51.60702,-0.12058
310,BODORGAN,3,53.20432,-4.41802
311,BOOTLE ORIEL ROAD,2,53.44663,-2.99574
312,BLACKPOOL PLEASURE BEACH,2,53.78797,-3.05388
313,BROOKMANS PARK,3,51.72106,-0.20455
314,BARLASTON ORCHARD PLACE,3,52.94187,-2.17159
315,BLACKPOOL NORTH,4,53.82193,-3.04928
316,BLACKPOOL SOUTH,1,53.79871,-3.04894
317,BISHOPTON,5,55.90215,-4.50157
318,BRISTOL PARKWAY,10,51.51380,-2.54217
319,BRORA,3,58.01293,-3.85230
320,BREICH,0,55.82730,-3.66812
321,BRENTWOOD,2,51.61361,0.29959
322,BRIERFIELD,2,53.82399,-2.23649
323,BOROUGH GREEN & WROTHAM,5,51.29322,0.30626
324,BORTH,2,52.49104,-4.05019
325,BRISTOL TEMPLE MEADS,13,51.44914,-2.58132
326,BERWICK (SUSSEX),3,50.84037,0.16603
327,BARRHILL,2,55.09700,-4.78178
328,BARMOUTH,2,52.72291,-4.05661
329,BEARSDEN,3,55.91712,-4.33201
330,BRIDGE OF ORCHY,3,56.51585,-4.76298
331,BRAMPTON (SUFFOLK),2,52.39545,1.54382
332,BARRHEAD,4,55.80374,-4.39728
333,BERRYLANDS,2,51.39905,-0.28071
334,BRUTON,2,51.11163,-2.44708
335,BOURNVILLE,2,52.42697,-1.92642
336,BRUNSWICK,2,53.38326,-2.97608
337,BRIXTON,2,51.46330,-0.11418
338,BARRY,4,51.39678,-3.28500
339,BLEASBY,2,53.04139,-0.94368
340,BESCOT STADIUM,2,52.56310,-1.99110
341,BEARSTED,2,51.27582,0.57759
342,BURY ST EDMUNDS,5,52.25378,0.71331
343,BUSHEY,4,51.64558,-0.38475
344,BALMOSSIE,2,56.47456,-2.83895
345,BEDFORD ST JOHNS,2,52.12949,-0.46750
346,BASINGSTOKE,12,51.26836,-1.08726
347,BEASDALE,2,56.89953,-5.76379
348,BRANKSOME,2,50.72695,-1.91977
349,BOSTON,6,52.97812,-0.03100
350,BASILDON,4,51.56811,0.45680
351,BRONDESBURY PARK,2,51.54070,-0.21013
352,BROADSTAIRS,3,51.36068,1.43358
353,BARASSIE,0,55.56105,-4.65113
354,BRUNSTANE,2,55.94250,-3.10098
355,BUCKSHAW PARKWAY,3,53.67335,-2.66083
356,BIRMINGHAM SNOW HILL,7,52.48336,-1.89909
357,BRONDESBURY,2,51.54517,-0.20231
358,BARNETBY,5,53.57514,-0.40967
359,BOLTON-ON-DEARNE,2,53.51897,-1.31155
360,BITTERNE,2,50.91821,-1.37700
361,BOTTESFORD,3,52.94463,-0.79483
362,BARNT GREEN,2,52.36109,-1.99247
363,BATH SPA,8,51.37768,-2.35703
364,BATLEY,2,53.70996,-1.62295
365,BRIGHTON,10,50.82900,-0.14128
366,BETCHWORTH,2,51.24819,-0.26697
367,BRAINTREE FREEPORT,3,51.86943,0.56845
368,BRAINTREE,1,51.87541,0.55670
369,BURNTISLAND,2,56.05707,-3.23319
370,BATTERSBY,2,54.45769,-1.09298
371,BENTLEY (HANTS),2,51.18123,-0.86813
372,BURNLEY BARRACKS,2,53.79089,-2.25808
373,BUCKENHAM,2,52.59776,1.47034
374,BURNESIDE (CUMBRIA),2,54.35499,-2.76667
375,BURES,2,51.97117,0.76916
376,BURGESS HILL,6,50.95365,-0.12741
377,BROUGH,6,53.72698,-0.57872
378,BURNSIDE (STRATHCLYDE),2,55.81692,-4.20238
379,BURTON JOYCE,2,52.98346,-1.04088
380,BUCKNELL,2,52.35739,-2.94739
381,BUTLERS LANE,2,52.59248,-1.83801
382,BURSLEDON,2,50.88368,-1.30504
383,BUSBY,2,55.78033,-4.26219
384,BURTON-ON-TRENT,5,52.80583,-1.64246
385,BURNHAM-ON-CROUCH,2,51.63366,0.81405
386,BURLEY-IN-WHARFEDALE,2,53.90816,-1.75337
387,BUXTON,3,53.26074,-1.91287
388,BURLEY PARK,2,53.81204,-1.57776
389,BELVEDERE,2,51.49212,0.15230
390,BOW BRICKHILL,2,52.00431,-0.69607
391,BIRCHWOOD,5,53.41274,-2.52532
392,BOWLING,2,55.93107,-4.49382
393,BERWICK-UPON-TWEED,5,55.77433,-2.01097
394,BLOXWICH NORTH,2,52.62545,-2.01768
395,BRICKET WOOD,2,51.70543,-0.35912
396,BARROW UPON SOAR,2,52.74935,-1.14485
397,BRIDGWATER,3,51.12785,-2.99043
398,BROXBOURNE,8,51.74691,-0.01108
399,BUXTED,2,50.99001,0.13145
400,BEXLEYHEATH,2,51.46350,0.13375
401,BOX HILL & WESTHUMBLE,2,51.25401,-0.32848
402,BOXHILL - BURFORD BRIDGE HOTEL,2,51.25416,-0.32297
403,BEXLEY,4,51.44022,0.14791
404,BERNEY ARMS,2,52.58981,1.63039
405,BLYTHE BRIDGE,2,52.96817,-2.06696
406,BETWS-Y-COED,2,53.09209,-3.80088
407,BARRY DOCKS,2,51.40244,-3.26072
408,BYNEA,2,51.67203,-4.09890
409,BROUGHTY FERRY,3,56.46715,-2.87315
410,BARRY ISLAND,1,51.39241,-3.27338
411,BENTLEY (S YORKS),2,53.54396,-1.15095
412,BARRY LINKS,2,56.49314,-2.74544
413,BURNLEY MANCHESTER ROAD,2,53.78498,-2.24887
414,BRYN,2,53.49988,-2.64721
415,BRAYSTONES,2,54.43937,-3.54183
416,CALDERCRUIX,2,55.88793,-3.88771
417,CADOXTON,2,51.41228,-3.24891
418,CARRBRIDGE,2,57.27949,-3.82820
419,CARK,3,54.17796,-2.97407
420,CAMBERLEY,2,51.33633,-0.74427
421,CARNOUSTIE,4,56.50055,-2.70659
422,CANNOCK,2,52.68618,-2.02215
423,CARLISLE,13,54.89065,-2.93319
424,CASTLETON (MANCHESTER),2,53.59186,-2.17823
425,CATERHAM,2,51.28214,-0.07830
426,CAUSELAND,2,50.40568,-4.46649
427,CARNTYNE,2,55.85486,-4.17856
428,CARBIS BAY,2,50.19704,-5.46333
429,COATBRIDGE CENTRAL,2,55.86250,-4.03188
430,CONON BRIDGE,2,57.56173,-4.44040
431,CANTERBURY EAST,4,51.27427,1.07598
432,CAMBRIDGE,12,52.19408,0.13746
433,CAMBRIDGE HEATH (LONDON),2,51.53198,-0.05727
434,CAMBUSLANG,6,55.81960,-4.17300
435,CAMBORNE,4,50.21042,-5.29747
436,CASTLE BAR PARK,2,51.52294,-0.33155
437,COOKSBRIDGE,2,50.90375,-0.00920
438,COATBRIDGE SUNNYSIDE,4,55.86682,-4.02827
439,CANTERBURY WEST,6,51.28427,1.07531
440,CHARLBURY,5,51.87244,-1.48970
441,CRICCIETH,2,52.91843,-4.23753
442,CHICHESTER,9,50.83204,-0.78175
443,CATHCART,3,55.81766,-4.26053
444,CARDIFF BAY,1,51.46711,-3.16643
445,CARDENDEN,2,56.14125,-3.26164
446,CARDIFF CENTRAL,11,51.47603,-3.17931
447,CREDITON,5,50.78329,-3.64680
448,COULSDON TOWN (SMITHAM),2,51.32204,-0.13446
449,CARDONALD,2,55.85255,-4.34069
450,CARDIFF QUEEN STREET,6,51.48196,-3.17020
451,CARDROSS,4,55.96037,-4.65306
452,COULSDON SOUTH,4,51.31584,-0.13788
453,CALDICOT,2,51.58478,-2.76059
454,CAM & DURSLEY,2,51.71762,-2.35910
455,CARTSDYKE,2,55.94220,-4.73158
456,CLELAND,2,55.80464,-3.91024
457,CHEDDINGTON,2,51.85792,-0.66215
458,CHAPEL-EN-LE-FRITH,3,53.31225,-1.91877
459,COLESHILL PARKWAY,3,52.51654,-1.70818
460,CHELFORD,2,53.27032,-2.28058
461,CRESSING,2,51.85235,0.57797
462,COLCHESTER TOWN,2,51.88647,0.90477
463,CONONLEY,2,53.91758,-2.01207
464,CATFORD BRIDGE,2,51.44474,-0.02478
465,CASTLEFORD,3,53.72409,-1.35466
466,CROFTFOOT,2,55.81825,-4.22832
467,CHAFFORD HUNDRED,2,51.48556,0.28746
468,CROSSFLATTS,2,53.85848,-1.84489
469,CLIFTON DOWN,2,51.46454,-2.61175
470,CHALFONT AND LATIMER,2,51.66811,-0.56052
471,CHANDLERS FORD,2,50.98368,-1.38518
472,CROFTON PARK,3,51.45519,-0.03650
473,CRAIGENDORAN,2,55.99478,-4.71123
474,COTTINGHAM,2,53.78166,-0.40643
475,COGAN,2,51.44599,-3.18910
476,CAERGWRLE,2,53.10788,-3.03292
477,CHARING CROSS (GLASGOW),3,55.86467,-4.26981
478,CHESTERFIELD,6,53.23824,-1.42011
479,CHEAM,2,51.35548,-0.21417
480,CHURCH FENTON,3,53.82661,-1.22759
481,CHARING (KENT),2,51.20810,0.79035
482,CHRISTS HOSPITAL,2,51.05068,-0.36355
483,CHINGFORD,2,51.63309,0.00991
484,CHISWICK,2,51.48114,-0.26783
485,CHILWORTH,2,51.21521,-0.52482
486,CHELMSFORD,5,51.73638,0.46858
487,CHESHUNT,8,51.70288,-0.02395
488,CHOLSEY,2,51.57020,-1.15802
489,CHIPSTEAD,2,51.30928,-0.16950
490,CHRISTCHURCH,3,50.73820,-1.78455
491,CHATHILL,1,55.53673,-1.70638
492,CHEADLE HULME,3,53.37595,-2.18830
493,CHALKWELL,2,51.53872,0.67061
494,LONDON CHARING CROSS,1,51.50803,-0.12480
495,CHERTSEY,2,51.38707,-0.50931
496,CHILHAM,2,51.24461,0.97592
497,CILMERI,2,52.15053,-3.45655
498,CALEDONIAN ROAD & BARNSBURY,2,51.54305,-0.11672
499,CHISLEHURST,3,51.40556,0.05743
500,CORKERHILL,2,55.83749,-4.33429
501,CORKICKLE,2,54.54168,-3.58216
502,CREWKERNE,2,50.87352,-2.77851
503,CLARKSTON,2,55.78934,-4.27564
504,CROOKSTON,2,55.84230,-4.36467
505,CROSSKEYS,2,51.62090,-3.12619
506,CLANDON,3,51.26400,-0.50276
507,CASTLE CARY,4,51.09980,-2.52280
508,CHELSFIELD,4,51.35626,0.10908
509,CLEETHORPES,3,53.56192,-0.02922
510,CLAYGATE,2,51.36121,-0.34824
511,CLITHEROE,3,53.87348,-2.39434
512,CLIFTON (MANCHESTER),0,53.52250,-2.31475
513,CLAPHAM JUNCTION,21,51.46419,-0.17028
514,CLOCK HOUSE,2,51.40859,-0.04065
515,COLLINGTON,2,50.83928,0.45788
516,COLLINGHAM,4,53.14411,-0.75038
517,CHAPELTOWN,3,53.46235,-1.46627
518,CLAPHAM HIGH STREET,2,51.46548,-0.13252
519,CLARBESTON ROAD,4,51.85167,-4.88357
520,CHESTER-LE-STREET,2,54.85460,-1.57802
521,CLACTON-ON-SEA,1,51.79401,1.15411
522,CARLUKE,3,55.73125,-3.84892
523,CLAVERDON,3,52.27710,-1.69657
524,CHORLEYWOOD,2,51.65425,-0.51831
525,CHINLEY,6,53.34031,-1.94395
526,CAMDEN ROAD,6,51.54180,-0.13870
527,COMBE (OXON),2,51.83260,-1.39407
528,CROMFORD,2,53.11295,-1.54916
529,CWMBACH,2,51.70193,-3.41374
530,CARMYLE,2,55.83433,-4.15817
531,CARMARTHEN,5,51.85336,-4.30599
532,CAMELON,4,56.00608,-3.81760
533,CROMER,2,52.93011,1.29283
534,CROSSMYLOOF,2,55.83393,-4.28431
535,COLNE,2,53.85476,-2.18186
536,CARNFORTH,5,54.12969,-2.77123
537,CONGLETON,3,53.15787,-2.19258
538,CANLEY,2,52.39926,-1.54758
539,CHELTENHAM SPA,6,51.89740,-2.09963
540,CANONBURY,3,51.54874,-0.09219
541,CHETNOLE,2,50.86635,-2.57294
542,CONWAY PARK,2,53.39338,-3.02268
543,CRIANLARICH,3,56.39046,-4.61842
544,CONISBROUGH,2,53.48933,-1.23433
545,CONWY,2,53.28012,-3.83054
546,CANTLEY,3,52.57877,1.51343
547,COATDYKE,2,55.86433,-4.00497
548,COODEN BEACH,3,50.83337,0.42687
549,COWDEN - CROSSROADS,2,51.15067,0.10098
550,COOMBE JUNCTION HALT (RAIL STATION),0,50.44591,-4.48189
551,CROWBOROUGH,3,51.04638,0.18802
552,CROSSHILL,2,55.83327,-4.25680
553,COLCHESTER,9,51.90073,0.89260
554,COMMONDALE,2,54.48128,-0.97515
555,CONNEL FERRY,2,56.45233,-5.38543
556,COOKHAM,2,51.55746,-0.72208
557,COPPLESTONE,3,50.81446,-3.75160
558,CORBY,2,52.48887,-0.68833
559,COSFORD,2,52.64485,-2.30028
560,COTTINGLEY,2,53.76783,-1.58770
561,COVENTRY,8,52.40083,-1.51346
562,COWDENBEATH,2,56.11208,-3.34318
563,CORYTON,1,51.52044,-3.23183
564,CORPACH,2,56.84281,-5.12195
565,CAERPHILLY,4,51.57157,-3.21849
566,CARPENDERS PARK,2,51.62835,-0.38594
567,CHIPPENHAM,3,51.46249,-2.11540
568,CHAPELTON (DEVON),2,51.01653,-4.02476
569,CLAPTON,2,51.56165,-0.05702
570,CAPENHURST,2,53.26019,-2.94229
571,CHEPSTOW,4,51.64017,-2.67191
572,CLAPHAM (N YORKS),2,54.10540,-2.41038
573,CRADLEY HEATH,4,52.46966,-2.09049
574,CORBRIDGE,2,54.96626,-2.01840
575,CHESTER ROAD,2,52.53566,-1.83247
576,CREWE,21,53.08964,-2.43298
577,CARFIN,2,55.80733,-3.95625
578,CROSS GATES,2,53.80492,-1.45159
579,CROUCH HILL,2,51.57131,-0.11714
580,CRICKLEWOOD,2,51.55846,-0.21267
581,CHIRK,2,52.93310,-3.06566
582,CHORLEY,5,53.65255,-2.62684
583,CRAMLINGTON,3,55.08777,-1.59860
584,CROWTHORNE,2,51.36673,-0.81927
585,CROY,4,55.95567,-4.03596
586,CORROUR,2,56.76020,-4.69060
587,CARSTAIRS,7,55.69103,-3.66847
588,CHARTHAM,2,51.25727,1.01806
589,CRAVEN ARMS,3,52.44255,-2.83743
590,CRAWLEY,3,51.11221,-0.18667
591,CRAYFORD,4,51.44828,0.17895
592,COSHAM,6,50.84191,-1.06733
593,CARSHALTON BEECHES,2,51.35741,-0.16979
594,COBHAM & STOKE D'ABERNON,2,51.31810,-0.38934
595,CRESSINGTON,2,53.35877,-2.91201
596,CARSHALTON,2,51.36845,-0.16637
597,CALSTOCK,2,50.49779,-4.20903
598,CODSALL,2,52.62730,-2.20177
599,CASTLETON MOOR,2,54.46715,-0.94665
600,CHESSINGTON NORTH,2,51.36404,-0.30070
601,CROSTON,2,53.66757,-2.77775
602,CHASSEN ROAD,2,53.44618,-2.36824
603,CHESSINGTON SOUTH,1,51.35655,-0.30816
604,LONDON CANNON STREET,2,51.51139,-0.09029
605,CHESTFIELD & SWALECLIFFE,2,51.36024,1.06694
606,COSELEY,3,52.54509,-2.08578
607,CHATELHERAULT,2,55.76521,-4.00466
608,CATFORD,4,51.44441,-0.02631
609,CHADWELL HEATH,2,51.56804,0.12897
610,CITY THAMESLINK,2,51.51394,-0.10358
611,CATTAL,2,53.99746,-1.32054
612,CHATHAM,4,51.38038,0.52116
613,CHARLTON,6,51.48682,0.03127
614,CARLTON,4,52.96511,-1.07865
615,CHESTER,11,53.19671,-2.87960
616,CHURCH STRETTON,2,52.53743,-2.80370
617,CHURCH & OSWALDTWISTLE,2,53.75053,-2.39121
618,CULRAIN,2,57.91949,-4.40428
619,CUMBERNAULD,2,55.94201,-3.98032
620,CUDDINGTON,2,53.23993,-2.59930
621,CUFFLEY,4,51.70872,-0.10978
622,CURRIEHILL,2,55.90056,-3.31875
623,CULHAM,3,51.65380,-1.23651
624,CUPAR,4,56.31697,-3.00876
625,CLUNDERWEN,2,51.84055,-4.73188
626,CUXTON,2,51.37393,0.46171
627,COLWYN BAY,3,53.29638,-3.72543
628,CHAPPEL & WAKES COLNE,2,51.92592,0.75852
629,CRESWELL (DERBYS),2,53.26413,-1.21640
630,CROWLE,2,53.58975,-0.81736
631,CREWS HILL,2,51.68449,-0.10688
632,COLWALL,2,52.07988,-2.35696
633,CWMBRAN,3,51.65658,-3.01622
634,COWDEN,4,51.15563,0.11004
635,CAERSWS,2,52.51614,-3.43251
636,CROWHURST,2,50.88857,0.50135
637,CEFN-Y-BEDD,2,53.09882,-3.03106
638,CLYDEBANK,2,55.90068,-4.40441
639,CYNGHORDY,2,52.05151,-3.74823
640,CRYSTAL PALACE,5,51.41811,-0.07260
641,CATHAYS,2,51.48890,-3.17869
642,CHERRY TREE,2,53.73288,-2.51839
643,DALGETY BAY,2,56.04208,-3.36772
644,DALMARNOCK,2,55.84207,-4.21770
645,DALMALLY,2,56.40117,-4.98354
646,DALMENY,4,55.98631,-3.38162
647,DARNALL,2,53.38460,-1.41256
648,DARLINGTON,8,54.52045,-1.54733
649,DATCHET,3,51.48308,-0.57942
650,DUMBARTON CENTRAL,7,55.94664,-4.56691
651,DENBY DALE,2,53.57264,-1.66321
652,DUMBARTON EAST,3,55.94224,-4.55412
653,MOTTISFONT & DUNBRIDGE,2,51.03392,-1.54709
654,DUNBLANE,4,56.18587,-3.96548
655,DERBY ROAD (IPSWICH),3,52.05057,1.18266
656,DERBY,16,52.91618,-1.46307
657,DUNCRAIG,2,57.33698,-5.63713
658,DORCHESTER SOUTH,2,50.70928,-2.43725
659,DANESCOURT,2,51.50051,-3.23393
660,DORCHESTER WEST,4,50.71094,-2.44255
661,DORRIDGE,5,52.37208,-1.75291
662,DAGENHAM DOCK,2,51.52609,0.14612
663,DUDLEY PORT,2,52.52466,-2.04948
664,DEAL,3,51.22305,1.39886
665,DUNDEE,6,56.45648,-2.97120
666,DEAN,2,51.04246,-1.63488
667,DEPTFORD,3,51.47885,-0.02626
668,DEWSBURY,4,53.69215,-1.63310
669,DARTFORD,7,51.44737,0.21926
670,DUNFERMLINE TOWN,2,56.06818,-3.45253
671,DUFFIELD,2,52.98842,-1.48597
672,DUNFERMLINE QUEEN MARGARET,2,56.08056,-3.42147
673,DRUMFROCHAR,2,55.94124,-4.77476
674,DENHAM GOLF CLUB,3,51.58060,-0.51778
675,DINGLE ROAD,2,51.44005,-3.18061
676,DEANSGATE,6,53.47419,-2.25105
677,DEGANWY,2,53.29477,-3.83340
678,DURHAM,3,54.77939,-1.58176
679,DEIGHTON,2,53.66850,-1.75190
680,DIDCOT PARKWAY,8,51.61096,-1.24289
681,DIGBY & SOWTON,3,50.71398,-3.47358
682,DINGWALL,3,57.59422,-4.42220
683,DISS,3,52.37368,1.12371
684,DUNKELD & BIRNAM,2,56.55704,-3.57840
685,DORKING,3,51.24093,-0.32424
686,DORKING WEST,2,51.23622,-0.33997
687,DOLGARROG,2,53.18636,-3.82265
688,DOLEHAM,2,50.91858,0.60998
689,DALSTON JUNCTION,4,51.54612,-0.07513
690,DALSTON KINGSLAND,3,51.54815,-0.07569
691,DELAMERE,2,53.22879,-2.66656
692,DALREOCH,3,55.94740,-4.57785
693,DALSTON (CUMBRIA),2,54.84617,-2.98885
694,DALTON,3,54.15424,-3.17901
695,DALWHINNIE,4,56.93516,-4.24620
696,DALRY,2,55.70621,-4.71107
697,DRUMCHAPEL,2,55.90480,-4.36287
698,DUMFRIES,2,55.07255,-3.60430
699,DINAS (RHONDDA),2,51.61783,-3.43756
700,DILTON MARSH,2,51.24898,-2.20793
701,DENMARK HILL,6,51.46821,-0.08936
702,DUMPTON PARK,2,51.34571,1.42584
703,DALMUIR,11,55.91192,-4.42668
704,DORMANS,2,51.15579,-0.00430
705,DRUMRY,2,55.90458,-4.38547
706,DINSDALE,3,54.51473,-1.46707
707,DUNTON GREEN,3,51.29649,0.17095
708,DUNLOP,3,55.71187,-4.53237
709,DENHAM,6,51.57884,-0.49743
710,DUNROBIN CASTLE,2,57.98552,-3.94894
711,DINAS POWYS,2,51.43166,-3.21836
712,DENT,2,54.28242,-2.36360
713,DANBY,2,54.46616,-0.91096
714,DOCKYARD (PLYMOUTH),2,50.38216,-4.17594
715,DODWORTH,2,53.54435,-1.53169
716,DOLAU,2,52.29536,-3.26363
717,DONCASTER,21,53.52217,-1.13984
718,DORE & TOTLEY,4,53.32765,-1.51529
719,DUNSTON,2,54.95005,-1.64205
720,DOWNHAM MARKET,3,52.60413,0.36569
721,DORKING DEEPDENE,5,51.23880,-0.32463
722,DEVONPORT,3,50.37852,-4.17075
723,DRIFFIELD,4,54.00154,-0.43467
724,DRAYTON GREEN,2,51.51662,-0.33020
725,DRIGG,2,54.37696,-3.44341
726,DREM,3,56.00512,-2.78605
727,DUIRINISH,2,57.31995,-5.69132
728,DRONFIELD,2,53.30139,-1.46877
729,DARTON,2,53.58838,-1.53165
730,DRUMGELLOCH,3,55.86735,-3.94888
731,DISLEY,3,53.35820,-2.04248
732,DARSHAM,2,52.27301,1.52348
733,DUKE STREET,2,55.85842,-4.21304
734,DAISY HILL,4,53.53947,-2.51587
735,DINTING,3,53.44935,-1.97031
736,DENTON,2,53.45688,-2.13166
737,DROITWICH SPA,5,52.26822,-2.15837
738,DUDDESTON,2,52.48837,-1.87139
739,DULLINGHAM,2,52.20167,0.36667
740,DUMBRECK,2,55.84463,-4.30123
741,DUNBAR,7,55.99829,-2.51335
742,DURRINGTON-ON-SEA,4,50.81752,-0.41146
743,DOVERCOURT,2,51.93875,1.28063
744,DOVE HOLES,2,53.30004,-1.88976
745,DAVENPORT,2,53.39092,-2.15296
746,DOVER PRIORY,5,51.12570,1.30531
747,DOVEY JUNCTION,3,52.56437,-3.92391
748,DOLWYDDELAN,2,53.05203,-3.88514
749,DAWLISH,6,50.58081,-3.46465
750,DARWEN,3,53.69804,-2.46495
751,DAWLISH WARREN,5,50.59870,-3.44358
752,DYCE,2,57.20564,-2.19233
753,DYFFRYN ARDUDWY,2,52.78887,-4.10466
754,DRAYTON PARK,2,51.55278,-0.10550
755,DANZEY,2,52.32483,-1.82087
756,EARLSFIELD,2,51.44234,-0.18771
757,EAGLESCLIFFE,6,54.52943,-1.34944
758,EALING BROADWAY,4,51.51485,-0.30175
759,EARLEY,2,51.44110,-0.91799
760,EUXTON BALSHAW LANE,2,53.66049,-2.67202
761,EBBSFLEET INTERNATIONAL,4,51.44297,0.32092
762,EASTBROOK,2,51.43764,-3.20615
763,EAST BOLDON,2,54.94641,-1.42031
764,EASTBOURNE,4,50.76937,0.28126
765,EDENBRIDGE,5,51.20843,0.06065
766,EDENBRIDGE TOWN,6,51.20008,0.06718
767,EBBW VALE PARKWAY,1,51.75714,-3.19611
768,ECCLES,4,53.48537,-2.33452
769,ECCLESTON PARK,2,53.43080,-2.78004
770,EAST CROYDON,17,51.37545,-0.09278
771,ECCLES ROAD,0,52.47090,0.96993
772,EDINBURGH,14,55.95239,-3.18822
773,EDGE HILL,3,53.40263,-2.94649
774,EDALE,2,53.36499,-1.81663
775,EDEN PARK,2,51.39009,-0.02635
776,EDINBURGH PARK,3,55.92754,-3.30766
777,EDMONTON GREEN,4,51.62494,-0.06111
778,EAST DULWICH,2,51.46150,-0.08057
779,EAST DIDSBURY,3,53.40933,-2.22200
780,EFFINGHAM JUNCTION,5,51.29149,-0.41996
781,EAST FARLEIGH,2,51.25523,0.48473
782,EAST GARFORTH,2,53.79200,-1.37054
783,EGGESFORD,4,50.88773,-3.87478
784,EGHAM,3,51.42965,-0.54651
785,EASTRINGTON,2,53.75518,-0.78763
786,EAST GRINSTEAD,2,51.12627,-0.01790
787,EGTON,2,54.43749,-0.76146
788,EAST KILBRIDE,1,55.76599,-4.18022
789,EARLSWOOD (SURREY),3,51.22733,-0.17082
790,ELMERS END,2,51.39830,-0.04943
791,ELGIN,2,57.64290,-3.31125
792,ELTON & ORSTON,2,52.95216,-0.85551
793,ELLESMERE PORT,2,53.28221,-2.89643
794,ELSECAR,2,53.49868,-1.42742
795,ELSTREE & BOREHAMWOOD,2,51.65307,-0.28008
796,ELTHAM,5,51.45565,0.05248
797,ELY,9,52.39125,0.26683
798,EAST MIDLANDS PARKWAY,14,52.86336,-1.26312
799,EAST MALLING,2,51.28581,0.43928
800,EMERSON PARK,2,51.56865,0.22013
801,EMSWORTH,5,50.85160,-0.93842
802,ENFIELD CHASE,3,51.65326,-0.09069
803,ENFIELD TOWN,3,51.65203,-0.07932
804,ENFIELD LOCK,7,51.67093,-0.02852
805,ENTWISTLE,2,53.65599,-2.41455
806,EPSOM DOWNS,2,51.32369,-0.23895
807,ELEPHANT & CASTLE,7,51.49403,-0.09872
808,EPSOM,5,51.33439,-0.26878
809,EASTHAM RAKE,2,53.30756,-2.98114
810,ERIDGE - A26,3,51.08771,0.20130
811,ERDINGTON,3,52.52829,-1.83950
812,ERITH,2,51.48167,0.17507
813,ERIDGE,3,51.08896,0.20144
814,EARLESTOWN,4,53.45115,-2.63766
815,ELMSTEAD WOODS,2,51.41712,0.04428
816,ESHER,3,51.37989,-0.35333
817,EASTLEIGH,7,50.96924,-1.35009
818,ELSENHAM,2,51.92055,0.22807
819,EASTERHOUSE,2,55.85974,-4.10716
820,ELMSWELL,2,52.23805,0.91260
821,ETCHINGHAM,4,51.01054,0.44237
822,EAST TILBURY,2,51.48483,0.41293
823,LONDON EUSTON,14,51.52814,-0.13392
824,EVESHAM,3,52.09840,-1.94731
825,EARLSWOOD (WEST MIDLANDS),3,52.36660,-1.86117
826,EWELL EAST,2,51.34530,-0.24153
827,EAST WORTHING,2,50.82164,-0.35489
828,EWELL WEST,2,51.35005,-0.25699
829,EXETER CENTRAL,6,50.72647,-3.53330
830,EXETER ST DAVIDS,12,50.72926,-3.54331
831,EXHIBITION CENTRE (GLASGOW),4,55.86154,-4.28358
832,EXMOUTH,2,50.62162,-3.41499
833,EXTON,2,50.66829,-3.44412
834,ESSEX ROAD,2,51.54071,-0.09627
835,EXETER ST THOMAS,4,50.71714,-3.53886
836,EYNSFORD,2,51.36272,0.20441
837,FALMOUTH DOCKS,1,50.15069,-5.05608
838,FAVERSHAM,6,51.31171,0.89106
839,FAZAKERLEY,2,53.46910,-2.93673
840,FORMBY,2,53.55349,-3.07092
841,FALCONWOOD,2,51.45916,0.07931
842,FEATHERSTONE,2,53.67908,-1.35845
843,FELTHAM,5,51.44790,-0.40983
844,FENNY STRATFORD,2,52.00008,-0.71599
845,FERNHILL,2,51.68649,-3.39590
846,FFAIRFACH,2,51.87248,-3.99289
847,FRESHFORD,3,51.34203,-2.30102
848,FISHGUARD HARBOUR,1,52.01155,-4.98567
849,FAYGATE,2,51.09588,-0.26302
850,FISHGUARD & GOODWICK,3,52.00413,-4.99487
851,FILEY,2,54.20987,-0.29385
852,FINSTOCK,2,51.85279,-1.46935
853,FILTON ABBEY WOOD,6,51.50494,-2.56244
854,FOLKESTONE CENTRAL,2,51.08289,1.16949
855,FALKIRK GRAHAMSTON,8,56.00260,-3.78504
856,FALKIRK HIGH,4,55.99180,-3.79224
857,FOLKESTONE WEST,3,51.08459,1.15391
858,FAULDHOUSE,2,55.82247,-3.71931
859,FLEET,3,51.29063,-0.83081
860,FLOWERY FIELD,2,53.46187,-2.08105
861,FLIXTON,2,53.44383,-2.38425
862,FLIMBY,2,54.68969,-3.52074
863,FLINT,3,53.24954,-3.13301
864,FLITWICK,4,52.00365,-0.49526
865,FULWELL,3,51.43394,-0.34947
866,FELIXSTOWE,1,51.96709,1.35046
867,FRIMLEY,2,51.31186,-0.74699
868,FALMER,2,50.86212,-0.08738
869,FALMOUTH TOWN,2,50.14833,-5.06499
870,FARNBOROUGH (MAIN),5,51.29669,-0.75544
871,FARNCOMBE,2,51.19715,-0.60455
872,FARNHAM,3,51.21190,-0.79243
873,FARNBOROUGH NORTH,2,51.30204,-0.74303
874,FARNINGHAM ROAD,2,51.40167,0.23547
875,FENITON,2,50.78667,-3.28543
876,FURNESS VALE,2,53.34877,-1.98884
877,FARNWORTH,2,53.55002,-2.38785
878,FINCHLEY ROAD & FROGNAL,2,51.55027,-0.18314
879,FALLS OF CRUACHAN,2,56.39387,-5.11246
880,FORD,5,50.82938,-0.57841
881,FOREST GATE,3,51.54944,0.02436
882,FOREST HILL,2,51.43928,-0.05315
883,FOUR OAKS,3,52.57979,-1.82804
884,FORRES,2,57.60978,-3.62596
885,FOXFIELD,2,54.25868,-3.21607
886,FINSBURY PARK,12,51.56431,-0.10628
887,FAIRBOURNE,2,52.69606,-4.04943
888,FRODSHAM,2,53.29583,-2.72357
889,FRESHFIELD,2,53.56607,-3.07184
890,FAIRFIELD,2,53.47131,-2.14577
891,FRINTON-ON-SEA,2,51.83769,1.24319
892,FAIRLIE,2,55.75193,-4.85326
893,FAREHAM,8,50.85302,-1.19204
894,FEARN,2,57.77813,-3.99394
895,FROME,2,51.22726,-2.31001
896,FORSINARD,3,58.35688,-3.89689
897,FRANT,2,51.10402,0.29456
898,FAIRWATER,2,51.49391,-3.23385
899,FERRIBY,2,53.71717,-0.50782
900,FISHBOURNE,3,50.83904,-0.81509
901,FISHERSGATE,2,50.83423,-0.21941
902,FISKERTON,2,53.06030,-0.91218
903,LONDON FENCHURCH STREET,3,51.51165,-0.07889
904,FORT MATILDA,2,55.95902,-4.79526
905,FRATTON,6,50.79633,-1.07398
906,FORT WILLIAM,3,56.82042,-5.10613
907,FIVE WAYS,2,52.47110,-1.91295
908,FOXTON,2,52.11923,0.05632
909,FERRYSIDE,2,51.76837,-4.36949
910,FRIZINGHALL,2,53.82038,-1.76900
911,FURZE PLATT,3,51.53302,-0.72847
912,FITZWILLIAM,3,53.63251,-1.37428
913,GARROWHILL,2,55.85522,-4.12945
914,GILBERDYKE,7,53.74798,-0.73224
915,GREENBANK,2,53.25148,-2.53427
916,GAINSBOROUGH LEA ROAD,4,53.38611,-0.76858
917,GORING-BY-SEA,2,50.81772,-0.43308
918,GARELOCHHEAD,2,56.07985,-4.82571
919,GLOUCESTER,9,51.86556,-2.23850
920,GREAT COATES,2,53.57577,-0.13023
921,GLAN CONWY,2,53.26744,-3.79774
922,GORDON HILL,6,51.66334,-0.09460
923,GODLEY,3,53.45172,-2.05477
924,GODSTONE,2,51.21815,-0.05008
925,GIDEA PARK,2,51.58191,0.20598
926,GRETNA GREEN,2,55.00191,-3.06459
927,GERRARDS CROSS,7,51.58902,-0.55527
928,GREENFORD,1,51.54234,-0.34584
929,GILFACH FARGOED,2,51.68425,-3.22658
930,GIFFNOCK,2,55.80398,-4.29301
931,GEORGEMAS JUNCTION,3,58.51361,-3.45213
932,GARGRAVE,2,53.97842,-2.10516
933,GIGGLESWICK,2,54.06181,-2.30285
934,GILLINGHAM (DORSET),2,51.03402,-2.27264
935,GIPSY HILL,2,51.42446,-0.08383
936,GIRVAN,2,55.24631,-4.84838
937,GREENOCK CENTRAL,2,55.94533,-4.75262
938,GREENOCK WEST,3,55.94733,-4.76782
939,GLASGOW CENTRAL,19,55.85974,-4.25764
940,GUILDFORD,15,51.23697,-0.58042
941,GLENEAGLES,3,56.27484,-3.73116
942,GLENFINNAN,2,56.87238,-5.44962
943,GLENGARNOCK,5,55.73888,-4.67449
944,GLASSHOUGHTON,2,53.70906,-1.34201
945,GILLINGHAM (KENT),2,51.38657,0.54986
946,GLOSSOP,4,53.44449,-1.94908
947,GLASGOW QUEEN STREET,11,55.86217,-4.25145
948,GLAISDALE,2,54.43939,-0.79379
949,GLENROTHES WITH THORNTON,3,56.16235,-3.14301
950,GLYNDE,2,50.85917,0.07008
951,GLAZEBROOK,2,53.42838,-2.45966
952,GRIMSBY TOWN,5,53.56345,-0.08698
953,GRIMSBY DOCKS,3,53.57434,-0.07562
954,GARTH (BRIDGEND),3,51.59645,-3.64147
955,GREAT MISSENDEN,2,51.70352,-0.70914
956,GROSMONT,2,54.43612,-0.72496
957,GREAT MALVERN,4,52.10921,-2.31828
958,GOODMAYES,2,51.56558,0.11082
959,GAINSBOROUGH CENTRAL,2,53.39961,-0.76970
960,GREENFIELD,3,53.53887,-2.01384
961,GREENHITHE FOR BLUEWATER,5,51.45037,0.28031
962,GREEN LANE,2,53.38327,-3.01642
963,GREEN ROAD,2,54.24453,-3.24558
964,GUNTON,2,52.86638,1.34913
965,GREENWICH,4,51.47814,-0.01333
966,GOBOWEN,2,52.89353,-3.03718
967,GODALMING,3,51.18658,-0.61886
968,GOLDTHORPE,2,53.53421,-1.31281
969,GOLF STREET,2,56.49778,-2.71954
970,GOLSPIE,3,57.97145,-3.98721
971,GOMSHALL,2,51.21940,-0.44184
972,GOOLE,5,53.70493,-0.87422
973,GORING & STREATLEY,2,51.52149,-1.13304
974,GRANGE-OVER-SANDS,4,54.19573,-2.90275
975,GOXHILL,2,53.67672,-0.33713
976,GRANGE PARK,2,51.64262,-0.09735
977,GOSPEL OAK,4,51.55534,-0.15077
978,GRANTHAM,17,52.90649,-0.64245
979,GREAT BENTLEY,3,51.85177,1.06516
980,GREAT CHESTERFORD,2,52.05982,0.19352
981,GARFORTH,5,53.79659,-1.38231
982,GARTCOSH,2,55.88565,-4.07948
983,GOUROCK,2,55.96230,-4.81665
984,GREENFAULDS,3,55.93522,-3.99308
985,GRINDLEFORD,2,53.30558,-1.62630
986,GROVE PARK,6,51.43087,0.02173
987,GARSCADDEN,3,55.88768,-4.36500
988,GRATELEY,2,51.17006,-1.62078
989,GRAVESEND,6,51.44135,0.36665
990,GRAYS,5,51.47625,0.32183
991,GILSHOCHILL,2,55.89732,-4.28268
992,GARSDALE,2,54.32144,-2.32635
993,GUNNISLAKE,1,50.51607,-4.21945
994,GARSTON (HERTS),2,51.68662,-0.38174
995,GATHURST,3,53.55942,-2.69439
996,GARSWOOD,3,53.48853,-2.67213
997,GUISELEY,3,53.87595,-1.71508
998,GREAT AYTON,2,54.48958,-1.11535
999,GARTH (POWYS),2,52.13325,-3.52992
1000,GRANGETOWN (CARDIFF),5,51.46761,-3.18973
1001,GORTON,4,53.46909,-2.16621
1002,GOOSTREY,2,53.22257,-2.32647
1003,GATWICK AIRPORT,9,51.15649,-0.16104
1004,GATLEY,2,53.39292,-2.23123
1005,GUIDE BRIDGE,8,53.47465,-2.11371
1006,GUNNERSBURY,2,51.49168,-0.27529
1007,GARVE,2,57.61302,-4.68840
1008,GRAVELLY HILL,2,52.51501,-1.85259
1009,GWERSYLLT,2,53.07259,-3.01790
1010,GOWERTON,2,51.64872,-4.03597
1011,GREAT YARMOUTH,4,52.61218,1.72091
1012,GYPSY LANE,2,54.53289,-1.17939
1013,HABROUGH,4,53.60610,-0.26946
1014,HACKNEY DOWNS,7,51.54876,-0.06081
1015,HADDISCOE,2,52.52881,1.62302
1016,HEATHROW AIRPORT TERMINAL 4,1,51.45827,-0.44545
1017,HAGLEY,3,52.42250,-2.14642
1018,HALLING,2,51.35248,0.44494
1019,HALE,2,53.37874,-2.34736
1020,HAMWORTHY,3,50.72518,-2.01937
1021,HANWELL,2,51.51184,-0.33859
1022,HATFIELD PEVEREL,2,51.77988,0.59214
1023,HALESWORTH,2,52.34683,1.50568
1024,HATFIELD (HERTS),4,51.76388,-0.21559
1025,HAVANT,9,50.85441,-0.98161
1026,HAYES & HARLINGTON,3,51.50310,-0.42067
1027,HAZEL GROVE,5,53.37756,-2.12202
1028,HUBBERTS BRIDGE,2,52.97538,-0.11053
1029,HEBDEN BRIDGE,4,53.73760,-2.00907
1030,HEVER - BROCAS FARM,2,51.18577,0.10157
1031,HOLLINGBOURNE,2,51.26517,0.62786
1032,HORNBEAM PARK,2,53.97988,-1.52683
1033,HARTLEBURY,2,52.33450,-2.22113
1034,HACKBRIDGE,2,51.37787,-0.15390
1035,HOLMES CHAPEL,3,53.19895,-2.35115
1036,HEADCORN,3,51.16572,0.62749
1037,HUNCOAT,2,53.77179,-2.34756
1038,HAYDON BRIDGE,2,54.97518,-2.24759
1039,HEDGE END,2,50.93231,-1.29451
1040,HADFIELD,2,53.46076,-1.96533
1041,HEALD GREEN,2,53.36943,-2.23667
1042,HAMPSTEAD HEATH,4,51.55522,-0.16570
1043,HEADSTONE LANE,2,51.60265,-0.35722
1044,HADDENHAM & THAME PARKWAY,4,51.77086,-0.94214
1045,HARLESDEN,2,51.53629,-0.25767
1046,HADLEY WOOD,2,51.66850,-0.17617
1047,HEADINGLEY,2,53.81798,-1.59418
1048,HECKINGTON,3,52.97734,-0.29394
1049,HALEWOOD,2,53.36450,-2.83014
1050,HEIGHINGTON,2,54.59697,-1.58177
1051,HENSALL,2,53.69856,-1.11452
1052,HENDON,2,51.58007,-0.23867
1053,HERSHAM,2,51.37681,-0.38995
1054,HESSLE,2,53.71745,-0.44182
1055,HEVER,2,51.18141,0.09508
1056,HEWORTH,2,54.95157,-1.55577
1057,HEXHAM,4,54.97346,-2.09480
1058,HEREFORD,6,52.06117,-2.70822
1059,HERTFORD EAST,2,51.79904,-0.07293
1060,HERTFORD NORTH,4,51.79886,-0.09178
1061,HATFIELD & STAINFORTH,3,53.58874,-1.02337
1062,HALIFAX,4,53.72098,-1.85358
1063,HUNGERFORD,4,51.41491,-1.51229
1064,HAG FOLD,2,53.53387,-2.49483
1065,HAGGERSTON,2,51.53871,-0.07566
1066,HIGHAM,2,51.42656,0.46628
1067,HOUGH GREEN,3,53.37241,-2.77507
1068,HITHER GREEN,5,51.45203,-0.00094
1069,HASTINGS,4,50.85789,0.57675
1070,HARROGATE,4,53.99319,-1.53762
1071,HARRINGAY,2,51.57736,-0.10513
1072,HEYSHAM PORT,1,54.03315,-2.91312
1073,HOLYHEAD,3,53.30770,-4.63101
1074,HAYWARDS HEATH,12,51.00567,-0.10508
1075,HEATH HIGH LEVEL,2,51.51643,-3.18155
1076,HIGHBURY & ISLINGTON,5,51.54609,-0.10376
1077,HAMPTON-IN-ARDEN,2,52.42905,-1.69994
1078,HIGH BROOMS,4,51.14940,0.27735
1079,HALL I' TH' WOOD,2,53.59744,-2.41311
1080,HIGHBRIDGE & BURNHAM-ON-SEA,2,51.21815,-2.97217
1081,HILLSIDE,2,53.62212,-3.02472
1082,HINDLEY,5,53.54225,-2.57550
1083,HIGHAMS PARK,2,51.60836,-0.00021
1084,HORTON-IN-RIBBLESDALE,2,54.14940,-2.30203
1085,HITCHIN,5,51.95329,-0.26348
1086,HACKNEY CENTRAL,3,51.54711,-0.05605
1087,HAWKHEAD,2,55.84218,-4.39885
1088,HYKEHAM,2,53.19503,-0.60020
1089,HUCKNALL,3,53.03831,-1.19581
1090,HACKNEY WICK,2,51.54342,-0.02491
1091,HILDENBOROUGH,2,51.21448,0.22760
1092,HELENSBURGH CENTRAL,1,56.00419,-4.73275
1093,HELLIFIELD,5,54.01087,-2.22784
1094,HILLINGTON EAST,4,55.85417,-4.35501
1095,HILLFOOT,2,55.92008,-4.32027
1096,HALL GREEN,2,52.43692,-1.84565
1097,HEALING,2,53.58182,-0.16063
1098,HEATH LOW LEVEL,2,51.51566,-3.18198
1099,HOLMWOOD,0,51.18119,-0.32080
1100,HARLINGTON (BEDS),2,51.96207,-0.49568
1101,HALL ROAD,2,53.49750,-3.04964
1102,HILSEA,3,50.82826,-1.05879
1103,HELENSBURGH UPPER,4,56.01235,-4.72979
1104,HILLINGTON WEST,2,55.85601,-4.37158
1105,HOLYTOWN,3,55.81289,-3.97391
1106,HAMPTON COURT,1,51.40256,-0.34275
1107,HAMPDEN PARK (SUSSEX),4,50.79640,0.27937
1108,HAMBLE,2,50.87136,-1.32917
1109,HEMEL HEMPSTEAD,3,51.74234,-0.49076
1110,HAMMERTON,2,53.99634,-1.28410
1111,HOMERTON,2,51.54702,-0.04235
1112,HAMPTON (LONDON),2,51.41594,-0.37211
1113,HELMSDALE,2,58.11742,-3.65869
1114,HAM STREET,2,51.06838,0.85452
1115,HAMPTON WICK,2,51.41453,-0.31249
1116,HAIRMYRES,2,55.76196,-4.22000
1117,HINTON ADMIRAL,2,50.75263,-1.71413
1118,HERNE BAY,3,51.36459,1.11774
1119,HAMILTON CENTRAL,3,55.77318,-4.03887
1120,HANBOROUGH,3,51.82517,-1.37353
1121,HEDNESFORD,2,52.71013,-2.00178
1122,HENGOED,2,51.64741,-3.22414
1123,HERNE HILL,10,51.45331,-0.10228
1124,HINCKLEY,2,52.53502,-1.37192
1125,HENLEY-IN-ARDEN,8,52.29150,-1.78400
1126,HUNTLY,2,57.44448,-2.77574
1127,HAMILTON WEST,2,55.77885,-4.05480
1128,HUNTS CROSS,3,53.36073,-2.85586
1129,HOCKLEY,2,51.60356,0.65901
1130,HARROW-ON-THE-HILL,2,51.57919,-0.33723
1131,HOOK,2,51.28000,-0.96164
1132,HOLTON HEATH,2,50.71139,-2.07786
1133,HONITON,4,50.79657,-3.18675
1134,HOOTON,3,53.29722,-2.97702
1135,HOPE (DERBYSHIRE),2,53.34613,-1.72989
1136,HORLEY,9,51.16877,-0.16105
1137,HENLEY-ON-THAMES,1,51.53418,-0.90022
1138,HOUNSLOW,3,51.46195,-0.36228
1139,HOVE,8,50.83521,-0.17069
1140,HOWDEN,5,53.76473,-0.86047
1141,HOXTON,2,51.53152,-0.07568
1142,HONLEY,2,53.60824,-1.78097
1143,HOWWOOD (RENFREWSHIRE),2,55.81055,-4.56304
1144,HONOR OAK PARK,2,51.44999,-0.04550
1145,HARPENDEN,3,51.81465,-0.35148
1146,HOPE (FLINTSHIRE),2,53.11738,-3.03689
1147,HARTLEPOOL,4,54.68676,-1.20731
1148,HAPTON,2,53.78163,-2.31691
1149,HARWICH INTERNATIONAL,6,51.94730,1.25514
1150,HOPTON HEATH,2,52.39142,-2.91207
1151,HARLING ROAD,0,52.45371,0.90915
1152,HORSHAM,6,51.06606,-0.31926
1153,HARLECH,2,52.86134,-4.10920
1154,HARRIETSHAM,2,51.24483,0.67241
1155,HORNSEY,2,51.58647,-0.11197
1156,HAROLD WOOD,2,51.59277,0.23314
1157,HARRINGTON,2,54.61349,-3.56551
1158,HORSFORTH,4,53.84772,-1.63022
1159,HARROW & WEALDSTONE,7,51.59217,-0.33457
1160,HARRINGAY GREEN LANES,2,51.57719,-0.09814
1161,HELSBY,4,53.27522,-2.77121
1162,HOSCAR,2,53.59778,-2.80442
1163,HAMSTEAD (BIRMINGHAM),3,52.53108,-1.92898
1164,HATHERSAGE,2,53.32579,-1.65172
1165,HASSOCKS,5,50.92461,-0.14595
1166,HASLEMERE,5,51.08864,-0.71916
1167,HIGH STREET (GLASGOW),3,55.85955,-4.24011
1168,HESWALL,2,53.32973,-3.07371
1169,HORSLEY,2,51.27935,-0.43540
1170,HEATON CHAPEL,2,53.42558,-2.17904
1171,HATCH END,2,51.60942,-0.36860
1172,HARTFORD,4,53.24177,-2.55363
1173,HANDFORTH,2,53.34651,-2.21363
1174,HATTON (WARKS),6,52.29529,-1.67298
1175,HIGHTOWN,2,53.52512,-3.05708
1176,HEATHROW AIRPORT CENTRAL BUS STN (RAIL-AIR),1,51.47110,-0.45330
1177,HARTWOOD,2,55.81147,-3.83932
1178,HATTERSLEY,2,53.44530,-2.04031
1179,HUNMANBY,2,54.17393,-0.31456
1180,HUDDERSFIELD,10,53.64852,-1.78469
1181,HULL,5,53.74417,-0.34568
1182,HUNTINGDON,2,52.32866,-0.19206
1183,HUMPHREY PARK,2,53.45225,-2.32754
1184,HURST GREEN,4,51.24443,0.00395
1185,HUTTON CRANSWICK,3,53.95587,-0.43385
1186,HUYTON,5,53.40969,-2.84299
1187,HAVERFORDWEST,2,51.80264,-4.96023
1188,HAVENHOUSE,2,53.11449,0.27318
1189,HAWARDEN BRIDGE,2,53.21809,-3.03273
1190,HARWICH TOWN,1,51.94416,1.28670
1191,HAWARDEN,2,53.18537,-3.03209
1192,HALTWHISTLE,4,54.96785,-2.46356
1193,HORWICH PARKWAY,4,53.57812,-2.53967
1194,HARLOW MILL,2,51.79037,0.13232
1195,HARLOW TOWN,7,51.78107,0.09514
1196,HEATHROW AIRPORT TERMINAL 5,1,51.47006,-0.49058
1197,HOW WOOD (HERTS),2,51.71774,-0.34467
1198,HEATHROW AIRPORT TERMINAL 5 (RAIL-AIR),3,51.47125,-0.48936
1199,HIGH WYCOMBE,8,51.62959,-0.74541
1200,HOVETON & WROXHAM,3,52.71560,1.40801
1201,HEATHROW AIRPORT TERMINALS 1-3,4,51.47141,-0.45432
1202,HONEYBOURNE,2,52.10161,-1.83374
1203,HYDE CENTRAL,3,53.45190,-2.08525
1204,HEYFORD,3,51.91920,-1.29927
1205,HYTHE (ESSEX),2,51.88565,0.92754
1206,HOYLAKE,2,53.39023,-3.17884
1207,HAYLE,3,50.18555,-5.41990
1208,HAYMARKET,14,55.94580,-3.21844
1209,HYNDLAND,3,55.87974,-4.31466
1210,HAYDONS ROAD,2,51.42545,-0.18881
1211,HAYES (KENT),1,51.37633,0.01056
1212,HYDE NORTH,2,53.46482,-2.08545
1213,HINCHLEY WOOD,2,51.37500,-0.34053
1214,IBM (GREENOCK),2,55.92944,-4.82723
1215,ILFORD,4,51.55912,0.06969
1216,IFIELD,3,51.11562,-0.21477
1217,INVERGORDON,2,57.68900,-4.17485
1218,ILKLEY,1,53.92478,-1.82203
1219,IMPERIAL WHARF,2,51.47495,-0.18282
1220,INCE (MANCHESTER),3,53.53893,-2.61152
1221,INCE & ELTON,2,53.27662,-2.81653
1222,INVERGOWRIE,2,56.45646,-3.05740
1223,INVERSHIN,2,57.92485,-4.39949
1224,INVERKEITHING,8,56.03467,-3.39619
1225,INVERKIP,2,55.90609,-4.87258
1226,INVERURIE,2,57.28626,-2.37355
1227,INSCH,2,57.33749,-2.61711
1228,INGATESTONE,2,51.66705,0.38425
1229,INVERNESS,5,57.47986,-4.22337
1230,IPSWICH,10,52.05061,1.14444
1231,IRLAM,4,53.43433,-2.43324
1232,IRVINE,2,55.61086,-4.67514
1233,ISLEWORTH,2,51.47477,-0.33691
1234,ISLIP,2,51.82576,-1.23818
1235,IVER,2,51.50851,-0.50672
1236,IVYBRIDGE,2,50.39340,-3.90424
1237,JEWELLERY QUARTER,2,52.48944,-1.91321
1238,JOHNSTONE,4,55.83469,-4.50362
1239,JOHNSTON (PEMBROKESHIRE),2,51.75675,-4.99636
1240,JORDANHILL,2,55.88269,-4.32491
1241,KINBRACE,2,58.25830,-3.94122
1242,KIRKBY-IN-FURNESS,2,54.23272,-3.18738
1243,KENTS BANK,2,54.17291,-2.92523
1244,KILBURN HIGH ROAD,2,51.53728,-0.19223
1245,KNEBWORTH,3,51.86686,-0.18728
1246,KIRBY CROSS,2,51.84141,1.21501
1247,KNOCKHOLT,2,51.34579,0.13086
1248,KIDBROOKE,2,51.46212,0.02751
1249,KIDSGROVE,4,53.08658,-2.24482
1250,KIRKCALDY,9,56.11205,-3.16702
1251,KENLEY - KENLEY HOTEL,2,51.32561,-0.10010
1252,KEITH,2,57.55089,-2.95408
1253,KEIGHLEY,6,53.86798,-1.90165
1254,KELVEDON,3,51.84071,0.70240
1255,KEMBLE,2,51.67700,-2.02282
1256,KENDAL,3,54.33211,-2.73964
1257,KETTERING,6,52.39357,-0.73156
1258,KEYHAM,3,50.38987,-4.17964
1259,KINGSKNOWE,2,55.91881,-3.26496
1260,KINGHORN,2,56.06933,-3.17415
1261,KINGS LANGLEY,2,51.70636,-0.43841
1262,KINGHAM,3,51.90225,-1.62879
1263,KINGS NYMPTON,3,50.93607,-3.90544
1264,KINGS PARK,3,55.81954,-4.24651
1265,KINGS SUTTON,3,52.02135,-1.28093
1266,KILGETTY,2,51.73211,-4.71519
1267,LONDON KINGS CROSS,10,51.53089,-0.12292
1268,KIDDERMINSTER,5,52.38449,-2.23848
1269,KILDONAN,2,58.17080,-3.86912
1270,KINGUSSIE,5,57.07777,-4.05218
1271,KIRKBY,2,53.48620,-2.90283
1272,KINTBURY,2,51.40252,-1.44599
1273,KIVETON BRIDGE,2,53.34098,-1.26718
1274,KIRKBY IN ASHFIELD,2,53.10012,-1.25306
1275,KIRKDALE,3,53.44091,-2.98112
1276,KIRKHILL,2,55.81391,-4.16710
1277,KIRKHAM & WESHAM,5,53.78693,-2.88294
1278,KIRKNEWTON,3,55.88868,-3.43251
1279,KIRK SANDALL,2,53.56390,-1.07406
1280,KILDALE,2,54.47777,-1.06815
1281,KILMAURS,2,55.63720,-4.53048
1282,KINGS LYNN,1,52.75394,0.40346
1283,KENLEY,2,51.32478,-0.10092
1284,KEMPSTON HARDWICK,3,52.09223,-0.50392
1285,KILMARNOCK,3,55.61211,-4.49867
1286,KEMSLEY,3,51.36244,0.73537
1287,KEMPTON PARK,2,51.42099,-0.40974
1288,KEMSING,2,51.29718,0.24744
1289,KNARESBOROUGH,2,54.00904,-1.47042
1290,KINGSWOOD,3,51.29472,-0.21125
1291,KENNETT,2,52.27728,0.49048
1292,KNUTSFORD,2,53.30181,-2.37180
1293,KINGSTON,4,51.41275,-0.30117
1294,KNIGHTON,2,52.34508,-3.04221
1295,KENSAL GREEN,2,51.53055,-0.22509
1296,KINGS NORTON,2,52.41430,-1.93232
1297,KNOTTINGLEY,2,53.70655,-1.25918
1298,KENSAL RISE,3,51.53456,-0.21996
1299,KENNISHEAD,2,55.81331,-4.32524
1300,KENTON,3,51.58181,-0.31698
1301,KNUCKLAS,2,52.35987,-3.09689
1302,KENSINGTON OLYMPIA,2,51.49790,-0.21036
1303,KILPATRICK,2,55.92469,-4.45339
1304,KIRKCONNEL,2,55.38830,-3.99849
1305,KEARSLEY,2,53.54415,-2.37512
1306,KEARSNEY,2,51.14938,1.27207
1307,KIRKBY STEPHEN,3,54.45486,-2.36859
1308,KENT HOUSE,3,51.41222,-0.04524
1309,KIRTON LINDSEY,2,53.48486,-0.59391
1310,KENTISH TOWN,3,51.55050,-0.14036
1311,KENTISH TOWN WEST,3,51.54655,-0.14665
1312,KELVINDALE,2,55.89354,-4.30957
1313,KIVETON PARK,4,53.33674,-1.23985
1314,KEW BRIDGE,2,51.48952,-0.28711
1315,KIRKWOOD,2,55.85418,-4.04839
1316,KEW GARDENS,2,51.47708,-0.28505
1317,KIDWELLY,2,51.73434,-4.31701
1318,KILWINNING,9,55.65594,-4.71001
1319,KYLE OF LOCHALSH,1,57.27975,-5.71382
1320,KEYNSHAM,5,51.41797,-2.49563
1321,LANCING,3,50.82708,-0.32310
1322,LADYWELL,3,51.45625,-0.01903
1323,LANGWITH - WHALEY THORNS,2,53.23240,-1.20926
1324,LAINDON,4,51.56753,0.42429
1325,LAKENHEATH,0,52.44742,0.53521
1326,LAMPHEY,2,51.66720,-4.87330
1327,LANCASTER,5,54.04874,-2.80746
1328,LAPFORD,2,50.85700,-3.81067
1329,LARGS,1,55.79273,-4.86719
1330,LLANSAMLET,2,51.66150,-3.88471
1331,LAURENCEKIRK,2,56.83634,-2.46593
1332,LANDYWOOD,2,52.65655,-2.02073
1333,LAYTON (LANCS),2,53.83528,-3.03000
1334,LONDON BRIDGE,27,51.50511,-0.08608
1335,LONG BUCKBY,2,52.29473,-1.08647
1336,LOUGHBOROUGH (LEICS),7,52.77897,-1.19593
1337,LLANBEDR,2,52.82087,-4.11021
1338,LARBERT,7,56.02269,-3.83058
1339,LEIGHTON BUZZARD,7,51.91631,-0.67700
1340,LOCHLUICHART,2,57.62174,-4.80906
1341,LOCHGELLY,2,56.13532,-3.31294
1342,LOCKWOOD,2,53.63475,-1.80079
1343,LOCHAILORT,2,56.88095,-5.66338
1344,LINCOLN CENTRAL,8,53.22611,-0.53992
1345,LOCHEILSIDE,2,56.85539,-5.29003
1346,LLANDANWG,2,52.83618,-4.12387
1347,LEEDS,22,53.79564,-1.54802
1348,LADYBANK,5,56.27378,-3.12227
1349,LEAGRAVE,4,51.90517,-0.45851
1350,LEDBURY,2,52.04526,-2.42586
1351,LEE,2,51.44976,0.01350
1352,LEA GREEN,2,53.42682,-2.72498
1353,LEA HALL,3,52.48065,-1.78602
1354,LEICESTER,14,52.63145,-1.12528
1355,LELANT,2,50.18411,-5.43661
1356,LEYTON MIDLAND ROAD,3,51.56973,-0.00804
1357,LENHAM,2,51.23448,0.70777
1358,LEOMINSTER,2,52.22569,-2.73035
1359,LEYTONSTONE HIGH ROAD,2,51.56356,0.00842
1360,LEIGH-ON-SEA,2,51.54128,0.64042
1361,LETCHWORTH,5,51.97997,-0.22926
1362,LEUCHARS,5,56.37509,-2.89371
1363,LEWISHAM,9,51.46569,-0.01402
1364,LEYLAND,4,53.69886,-2.68714
1365,LINGFIELD,2,51.17645,-0.00716
1366,LEIGH (KENT) - FLEUR DE LIS PH,2,51.19594,0.21189
1367,LANGBANK,2,55.92451,-4.58526
1368,LINGWOOD,0,52.62213,1.48996
1369,LONG EATON,7,52.88501,-1.28751
1370,LONGFIELD,4,51.39616,0.30038
1371,LANGLEY GREEN,2,52.49388,-2.00496
1372,LOUGHBOROUGH JUNCTION,2,51.46630,-0.10218
1373,LONGBECK,2,54.58922,-1.03048
1374,LANGLEY MILL,4,53.01808,-1.33124
1375,LONGTON,2,52.98997,-2.13701
1376,LLANGYNLLO,2,52.34963,-3.16137
1377,LANGSIDE,3,55.82113,-4.27733
1378,LANGWATHBY,2,54.69436,-2.66369
1379,LOCH AWE,2,56.40200,-5.04197
1380,LEATHERHEAD,6,51.29882,-0.33322
1381,LOCH EIL OUTWARD BOUND,2,56.85525,-5.19157
1382,LEALHOLM,2,54.46060,-0.82571
1383,LANGHO,2,53.80484,-2.44866
1384,LIMEHOUSE,3,51.51254,-0.03980
1385,LOCHWINNOCH,3,55.78714,-4.61606
1386,LICHFIELD CITY,5,52.68016,-1.82543
1387,LIDLINGTON,2,52.04155,-0.55892
1388,LEIGH (KENT),2,51.19390,0.21051
1389,LINLITHGOW,6,55.97644,-3.59584
1390,LIPHOOK,2,51.07131,-0.80023
1391,LISS,2,51.04356,-0.89287
1392,LITTLEHAMPTON,6,50.81010,-0.54599
1393,LIVERPOOL LIME STREET,10,53.40732,-2.97773
1394,LAKE (ISLE OF WIGHT),2,50.64647,-1.16635
1395,LLANABER,2,52.74152,-4.07719
1396,LLANDECWYN,2,52.92070,-4.05705
1397,LLANDUDNO,1,53.32094,-3.82702
1398,LLANELLI,7,51.67387,-4.16133
1399,LLANFAIRFECHAN,2,53.25731,-3.98321
1400,LLANGADOG,2,51.94022,-3.89317
1401,LLANGENNECH,2,51.69114,-4.07895
1402,LLANDYBIE,2,51.82104,-4.00368
1403,LLANDUDNO JUNCTION,5,53.28396,-3.80912
1404,LLANDEILO,2,51.88535,-3.98692
1405,LLANGAMMARCH,2,52.11431,-3.55483
1406,LLANDAF,2,51.50844,-3.22862
1407,LLANDRINDOD,2,52.24237,-3.37915
1408,LLANHARAN,2,51.53759,-3.44080
1409,LLANISHEN,2,51.53274,-3.18199
1410,LLANBISTER ROAD,2,52.33643,-3.21343
1411,LLANDOVERY,2,51.99532,-3.80285
1412,LLWYNGWRIL,2,52.66680,-4.08769
1413,LLWYNYPIA,2,51.63400,-3.45353
1414,LEAMINGTON SPA,8,52.28450,-1.53621
1415,LLANBRADACH,2,51.60325,-3.23306
1416,LONGNIDDRY,2,55.97648,-2.88834
1417,LONGCROSS,0,51.38517,-0.59457
1418,LANARK,1,55.67360,-3.77329
1419,LLANWRDA,2,51.96259,-3.87170
1420,LLANWRTYD,2,52.10472,-3.63218
1421,LANGLEY (BERKS),3,51.50807,-0.54175
1422,LENZIE,5,55.92131,-4.15388
1423,LONGBRIDGE,4,52.39642,-1.98129
1424,LOCKERBIE,5,55.12305,-3.35354
1425,LONDON FIELDS,2,51.54116,-0.05775
1426,LOSTOCK HALL,2,53.72425,-2.68748
1427,LOOE,1,50.35922,-4.45620
1428,LOSTWITHIEL,2,50.40717,-4.66601
1429,LOSTOCK,2,53.57294,-2.49427
1430,LOWDHAM,5,53.00631,-0.99842
1431,LLANFAIRPWLL,3,53.22096,-4.20923
1432,LONG PRESTON,3,54.01685,-2.25559
1433,LONGPORT,2,53.04190,-2.21645
1434,LAPWORTH,2,52.34226,-1.72570
1435,LIVERPOOL SOUTH PARKWAY,7,53.35776,-2.88915
1436,LONDON ROAD (BRIGHTON),2,50.83666,-0.13650
1437,LONDON ROAD (GUILDFORD),3,51.24065,-0.56506
1438,LAIRG,2,58.00181,-4.39990
1439,LARKHALL,1,55.73859,-3.97550
1440,LONDON ROAD BRIGHTON - DITCHLING RISE,2,50.83615,-0.13631
1441,LISKEARD,5,50.44686,-4.46961
1442,LIVINGSTON NORTH,2,55.90138,-3.54434
1443,LONDON LIVERPOOL STREET,9,51.51800,-0.08142
1444,LEASOWE,2,53.40806,-3.09960
1445,LOWER SYDENHAM,2,51.42483,-0.03334
1446,LOSTOCK GRALAM,2,53.26768,-2.46521
1447,LLANHILLETH,2,51.70030,-3.13521
1448,LITTLE KIMBLE,2,51.75224,-0.80845
1449,LITTLEBOROUGH,4,53.64301,-2.09465
1450,LYTHAM,2,53.73929,-2.96404
1451,LUTON AIRPORT PARKWAY,8,51.87244,-0.39588
1452,LITTLEPORT,2,52.46240,0.31657
1453,LELANT SALTINGS,3,50.17876,-5.44099
1454,LITTLE SUTTON,2,53.28553,-2.94330
1455,LICHFIELD TRENT VALLEY,5,52.68691,-1.80024
1456,LUDLOW,4,52.37129,-2.71622
1457,LUTON,8,51.88231,-0.41404
1458,LUXULYAN,2,50.39003,-4.74743
1459,LIVERPOOL CENTRAL,2,53.40461,-2.97917
1460,LIVINGSTON SOUTH,2,55.87169,-3.50156
1461,LIVERPOOL JAMES STREET,3,53.40477,-2.99196
1462,LEVENSHULME,2,53.44418,-2.19267
1463,LITTLEHAVEN,3,51.07974,-0.30797
1464,LISVANE & THORNHILL,2,51.54457,-3.18561
1465,LAWRENCE HILL,2,51.45801,-2.56444
1466,LLANTWIT MAJOR,2,51.40975,-3.48164
1467,LLANRWST,2,53.13887,-3.79442
1468,LEWES,12,50.87063,0.01134
1469,LOWESTOFT,4,52.47446,1.74973
1470,LYMPSTONE COMMANDO,4,50.66223,-3.44086
1471,LYDNEY,3,51.71413,-2.53087
1472,LYE (WEST MIDLANDS),2,52.45993,-2.11593
1473,LYMPSTONE VILLAGE,3,50.64828,-3.43103
1474,LYMINGTON PIER,1,50.75829,-1.52946
1475,LYMINGTON TOWN,2,50.76090,-1.53717
1476,LAZONBY & KIRKOSWALD,2,54.75044,-2.70321
1477,MACCLESFIELD,5,53.25936,-2.12198
1478,MAGHULL,2,53.50648,-2.93086
1479,MAIDENHEAD,7,51.51867,-0.72266
1480,MALDEN MANOR,3,51.38473,-0.26127
1481,MANCHESTER PICCADILLY,24,53.47737,-2.23091
1482,MARTINS HERON,2,51.40741,-0.72440
1483,MARGATE,4,51.38544,1.37202
1484,MANORS,2,54.97276,-1.60474
1485,MATLOCK,1,53.13843,-1.55891
1486,MAULDETH ROAD,2,53.43308,-2.20925
1487,MAXWELL PARK,2,55.83771,-4.28869
1488,MAYBOLE,2,55.35473,-4.68528
1489,MILLBROOK (HANTS),2,50.91149,-1.43385
1490,MIDDLESBROUGH,4,54.57911,-1.23471
1491,MOULSECOOMB,3,50.84672,-0.11884
1492,METROCENTRE,5,54.95875,-1.66563
1493,MARCH,3,52.55991,0.09120
1494,MORECAMBE,3,54.07033,-2.86931
1495,MACHYNLLETH,2,52.59515,-3.85455
1496,MANCHESTER OXFORD ROAD,10,53.47404,-2.24200
1497,MANCHESTER VICTORIA,11,53.48748,-2.24260
1498,MAIDSTONE BARRACKS,2,51.27717,0.51397
1499,MAIDSTONE EAST,4,51.27783,0.52130
1500,MIDGHAM,2,51.39597,-1.17771
1501,MIDDLEWOOD,2,53.35998,-2.08335
1502,MAIDEN NEWTON,2,50.78000,-2.56944
1503,MORDEN SOUTH,2,51.39612,-0.19946
1504,MAIDSTONE WEST,3,51.27046,0.51578
1505,MEOLS COP,3,53.64628,-2.97581
1506,MELDRETH,2,52.09073,0.00895
1507,MENHENIOT,2,50.42622,-4.40926
1508,MEOLS,2,53.39945,-3.15428
1509,MEOPHAM,4,51.38642,0.35695
1510,MERTHYR TYDFIL,1,51.74462,-3.37726
1511,MELTON (SUFFOLK),2,52.10446,1.33826
1512,MERTHYR VALE,2,51.68664,-3.33659
1513,MAESTEG (EWENNY ROAD),2,51.60534,-3.64901
1514,MEXBOROUGH,2,53.49101,-1.28856
1515,MERRYTON,2,55.74870,-3.97824
1516,MORFA MAWDDACH,2,52.70715,-4.03218
1517,MINFFORDD,2,52.92615,-4.08498
1518,MILFORD HAVEN,1,51.71498,-5.04100
1519,MOUNT FLORIDA,3,55.82654,-4.26112
1520,MANSFIELD,3,53.14212,-1.19844
1521,METHERINGHAM,2,53.13890,-0.39145
1522,MARSTON GREEN,3,52.46720,-1.75561
1523,MERSTHAM,2,51.26415,-0.15022
1524,MARKET HARBOROUGH,3,52.47974,-0.90933
1525,MEADOWHALL,5,53.41748,-1.41284
1526,MANCHESTER AIRPORT,5,53.36506,-2.27298
1527,MICHELDEVER,2,51.18239,-1.26068
1528,MILLS HILL (MANCHESTER),2,53.55132,-2.17151
1529,MITCHAM JUNCTION,2,51.39295,-0.15775
1530,MICKLEFIELD,4,53.78885,-1.32680
1531,MILL HILL BROADWAY,3,51.61310,-0.24924
1532,MORETON-IN-MARSH,3,51.99228,-1.70039
1533,MILLIKEN PARK,4,55.82510,-4.53334
1534,MIRFIELD,4,53.67142,-1.69254
1535,MISTLEY,3,51.94365,1.08141
1536,MILTON KEYNES CENTRAL,12,52.03430,-0.77414
1537,MELKSHAM,2,51.37982,-2.14451
1538,MARKET RASEN,2,53.38394,-0.33689
1539,MARKS TEY,5,51.88095,0.78335
1540,MILLBROOK (BEDS),2,52.05385,-0.53269
1541,MOULDSWORTH,2,53.23182,-2.73223
1542,MILFORD (SURREY),2,51.16331,-0.63695
1543,MALLAIG,1,57.00597,-5.82959
1544,MILL HILL (LANCS),2,53.73547,-2.50174
1545,MILLOM,3,54.21083,-3.27109
1546,MILNGAVIE,1,55.94135,-4.31457
1547,MALTON,2,54.13208,-0.79722
1548,MARLOW,1,51.57099,-0.76643
1549,MORLEY,2,53.74994,-1.59097
1550,MELTON MOWBRAY,5,52.76105,-0.88586
1551,MARKINCH,6,56.20101,-3.13078
1552,MANEA,0,52.49785,0.17770
1553,MANNINGTREE,4,51.94907,1.04525
1554,MENSTON,2,53.89235,-1.73551
1555,MANOR PARK,2,51.55248,0.04635
1556,MANOR ROAD,2,53.39480,-3.17145
1557,MOBBERLEY,2,53.32916,-2.33367
1558,MOORGATE,1,51.51850,-0.08894
1559,MONIFIETH,2,56.48010,-2.81824
1560,MUIR OF ORD,2,57.51783,-4.46023
1561,MORTIMER,2,51.37207,-1.03550
1562,MOSS SIDE,2,53.76499,-2.94294
1563,MOTSPUR PARK,3,51.39520,-0.23953
1564,MOSSPARK,2,55.84081,-4.34829
1565,MARPLE,3,53.40071,-2.05726
1566,MORPETH,6,55.16237,-1.68308
1567,MANORBIER,4,51.66017,-4.79187
1568,MORCHARD ROAD,4,50.83189,-3.77640
1569,MOORFIELDS,4,53.40857,-2.98919
1570,MARDEN,2,51.17517,0.49317
1571,MOORTHORPE,4,53.59501,-1.30495
1572,MORAR,2,56.96970,-5.82191
1573,MONKS RISBOROUGH,2,51.73577,-0.82933
1574,MORETON (MERSEYSIDE),2,53.40722,-3.11351
1575,MARYPORT,2,54.71132,-3.49407
1576,MOORSIDE,2,53.51629,-2.35180
1577,MOSSLEY HILL,3,53.37906,-2.91545
1578,MARSKE,2,54.58742,-1.01891
1579,MOSSLEY (MANCHESTER),2,53.51499,-2.04128
1580,MARSDEN,2,53.60320,-1.93076
1581,MOSTON,2,53.52343,-2.17102
1582,MINSTER,4,51.32918,1.31723
1583,MOSES GATE,2,53.55600,-2.40119
1584,MAESTEG,1,51.60994,-3.65467
1585,MANSFIELD WOODHOUSE,2,53.16358,-1.20185
1586,MOUNTAIN ASH,2,51.68133,-3.37636
1587,MATLOCK BATH,2,53.12237,-1.55676
1588,MITCHAM EASTFIELDS,5,51.40774,-0.15464
1589,MOTTINGHAM,2,51.44022,0.05006
1590,MOTHERWELL,13,55.79167,-3.99431
1591,MORTLAKE,2,51.46809,-0.26711
1592,MARTIN MILL,2,51.17068,1.34823
1593,MORETON (DORSET),2,50.70102,-2.31347
1594,MARTON,2,54.54435,-1.19848
1595,MONTPELIER,2,51.46835,-2.58869
1596,MONTROSE,4,56.71279,-2.47207
1597,MOUNT VERNON,2,55.84020,-4.13366
1598,MUSSELBURGH,3,55.93358,-3.07319
1599,MANCHESTER UNITED FC,1,53.46221,-2.29065
1600,MUIREND,2,55.80945,-4.27439
1601,MALVERN LINK,2,52.12548,-2.31952
1602,LONDON MARYLEBONE,14,51.52253,-0.16291
1603,MARYHILL,4,55.89762,-4.30074
1604,MARYLAND,2,51.54609,0.00582
1605,MYTHOLMROYD,2,53.72902,-1.98143
1606,MAZE HILL,2,51.48263,0.00292
1607,NANTWICH,4,53.06359,-2.51896
1608,NARBERTH,2,51.79937,-4.72721
1609,NEWTON AYCLIFFE,2,54.61371,-1.58965
1610,NEW BARNET,3,51.64857,-0.17299
1611,NEW BECKENHAM,3,51.41677,-0.03527
1612,NEWBRIDGE,2,51.66581,-3.14291
1613,NEW BRIGHTON,1,53.43741,-3.04797
1614,NARBOROUGH,3,52.57131,-1.20335
1615,NORTON BRIDGE STATION DRIVE,2,52.86682,-2.19197
1616,NORBITON,3,51.41236,-0.28403
1617,NORTH BERWICK,1,56.05703,-2.73074
1618,NEWBURY,5,51.39764,-1.32286
1619,NEW CLEE,2,53.57440,-0.06081
1620,NEW CUMNOCK,2,55.40273,-4.18434
1621,NEWCASTLE,14,54.96840,-1.61728
1622,NORTH CAMP,4,51.27579,-0.73120
1623,NEWARK CASTLE,6,53.08003,-0.81315
1624,NORTH DULWICH,2,51.45451,-0.08791
1625,NEW ELTHAM,3,51.43806,0.07054
1626,NEILSTON,1,55.78303,-4.42695
1627,NELSON,2,53.83502,-2.21376
1628,NEW MALDEN,4,51.40408,-0.25594
1629,NESTON,3,53.29187,-3.06309
1630,NETHERFIELD,3,52.96143,-1.07985
1631,NEWCRAIGHALL,1,55.93485,-3.09276
1632,NORTH FAMBRIDGE,2,51.64859,0.68167
1633,NORTHFIELD,2,52.40820,-1.96585
1634,NORTHFLEET,2,51.44585,0.32434
1635,NAFFERTON,2,54.01124,-0.38608
1636,NEWINGTON,3,51.35334,0.66858
1637,NUNHEAD,4,51.46683,-0.05227
1638,NEW HYTHE,2,51.31300,0.45493
1639,NEW HOLLAND,2,53.70193,-0.36020
1640,NITSHILL,2,55.81192,-4.35995
1641,NEW LANE,2,53.61168,-2.86772
1642,NORTH LLANRWST,2,53.14384,-3.80274
1643,NAILSEA & BACKWELL,4,51.41941,-2.75065
1644,NORTHOLT PARK,6,51.55755,-0.35947
1645,NEWTON-LE-WILLOWS,8,53.45307,-2.61359
1646,NEW MILLS CENTRAL,3,53.36486,-2.00567
1647,NEWMARKET,2,52.23796,0.40622
1648,NEW MILLS NEWTOWN,2,53.35964,-2.00852
1649,NORTHAMPTON,5,52.23751,-0.90665
1650,NEEDHAM MARKET,2,52.15260,1.05527
1651,NEWARK NORTH GATE,7,53.08178,-0.79985
1652,NINIAN PARK,4,51.47662,-3.20170
1653,NUNTHORPE,2,54.52788,-1.16944
1654,NEWTON-ON-AYR,0,55.47405,-4.62582
1655,NORMANTON,3,53.70053,-1.42341
1656,NOTTINGHAM,20,52.94709,-1.14638
1657,NEW PUDSEY,3,53.80449,-1.68079
1658,NORTH QUEENSFERRY,3,56.01249,-3.39458
1659,NEWQUAY,3,50.41509,-5.07571
1660,NORBURY,2,51.41145,-0.12192
1661,NEWBURY RACECOURSE,3,51.39846,-1.30780
1662,NORTH ROAD,2,54.53620,-1.55395
1663,NAIRN,2,57.58023,-3.87200
1664,NETHERTOWN,2,54.45642,-3.56584
1665,NORWICH,9,52.62718,1.30683
1666,NORMANS BAY,2,50.82610,0.38948
1667,NEWSTEAD,2,53.07001,-1.22179
1668,NEW SOUTHGATE,3,51.61412,-0.14303
1669,NORTH SHEEN,2,51.46516,-0.28788
1670,NEWTON ABBOT,8,50.52957,-3.59919
1671,NEWTON ST CYRES,2,50.77892,-3.58941
1672,NEATH,4,51.66236,-3.80725
1673,NETLEY,4,50.87490,-1.34191
1674,NEWTON (S LANARKS),3,55.81877,-4.13304
1675,NORTHALLERTON,5,54.33308,-1.44128
1676,NUTFIELD,2,51.22681,-0.13253
1677,NORTHUMBERLAND PARK,5,51.60198,-0.05392
1678,NUNEATON,10,52.52639,-1.46387
1679,NUTBOURNE,4,50.84606,-0.88295
1680,NEWHAVEN HARBOUR,2,50.78978,0.05500
1681,NEWHAVEN TOWN,6,50.79485,0.05495
1682,NAVIGATION ROAD,2,53.39539,-2.34342
1683,NORTH WALSHAM,3,52.81692,1.38447
1684,NORTH WEMBLEY,3,51.56260,-0.30398
1685,NORWOOD JUNCTION,9,51.39702,-0.07522
1686,NEWPORT (ESSEX),3,51.97988,0.21514
1687,NORTHWICH,2,53.26147,-2.49693
1688,NEW MILTON,5,50.75574,-1.65781
1689,NEWTON FOR HYDE,2,53.45640,-2.06714
1690,NEWPORT (S WALES),11,51.58974,-2.99865
1691,NEWTONMORE,3,57.05913,-4.11910
1692,NEWTOWN (POWYS),2,52.51233,-3.31140
1693,NEW CROSS,5,51.47635,-0.03242
1694,NEW CROSS GATE,5,51.47513,-0.04039
1695,OBAN,1,56.41246,-5.47392
1696,OCKENDON,2,51.52200,0.29047
1697,OLD HILL,2,52.47094,-2.05619
1698,OKEHAMPTON,1,50.73237,-3.99625
1699,OAKLEIGH PARK,3,51.63769,-0.16621
1700,OAKHAM,3,52.67224,-0.73416
1701,OAKENGATES,2,52.69341,-2.45019
1702,OLD STREET,2,51.52584,-0.08853
1703,OLDFIELD PARK,3,51.37923,-2.38051
1704,OLTON,2,52.43852,-1.80432
1705,OCKLEY,0,51.15151,-0.33600
1706,ORMSKIRK,2,53.56929,-2.88120
1707,ORRELL PARK,2,53.46191,-2.96332
1708,ORE,3,50.86694,0.59157
1709,OLD ROAN,2,53.48691,-2.95108
1710,ORPINGTON,8,51.37330,0.08910
1711,ORRELL,2,53.53033,-2.70884
1712,OTFORD,5,51.31316,0.19679
1713,OULTON BROAD NORTH,3,52.47778,1.71573
1714,OULTON BROAD SOUTH,2,52.46962,1.70768
1715,OUTWOOD,2,53.71530,-1.51039
1716,OVERPOOL,2,53.28406,-2.92407
1717,OVERTON,2,51.25429,-1.25927
1718,OXFORD,10,51.75350,-1.27015
1719,OXENHOLME LAKE DISTRICT,5,54.30494,-2.72186
1720,OXSHOTT,2,51.33640,-0.36241
1721,OXTED,5,51.25791,-0.00483
1722,LONDON PADDINGTON,8,51.51600,-0.17617
1723,PALMERS GREEN,4,51.61832,-0.11043
1724,PANGBOURNE,2,51.48540,-1.09046
1725,PAR,6,50.35532,-4.70472
1726,PATRICROFT,2,53.48479,-2.35825
1727,PARBOLD,3,53.59077,-2.77075
1728,PETERBOROUGH,18,52.57499,-0.24983
1729,POTTERS BAR,7,51.69707,-0.19260
1730,PEMBREY & BURRY PORT,3,51.68353,-4.24787
1731,PENCOED,3,51.52461,-3.50050
1732,PAISLEY CANAL,1,55.84006,-4.42411
1733,PADGATE,2,53.40581,-2.55681
1734,PADDOCK WOOD,3,51.18226,0.38917
1735,PEARTREE,0,52.89701,-1.47321
1736,PEVENSEY BAY,0,50.81745,0.34292
1737,PEGSWOOD,2,55.17812,-1.64417
1738,PEMBERTON,2,53.53042,-2.67035
1739,PENARTH,1,51.43589,-3.17447
1740,PENRHIWCEIBER,2,51.66992,-3.35996
1741,PENSARN (GWYNEDD),2,52.83072,-4.11217
1742,PETTS WOOD,4,51.38862,0.07449
1743,PEVENSEY & WESTHAM,4,50.81579,0.32482
1744,PEWSEY,5,51.34219,-1.77068
1745,PURFLEET,2,51.48102,0.23678
1746,PONTEFRACT MONKHILL,5,53.69900,-1.30369
1747,PONTEFRACT BAGHILL,2,53.69190,-1.30336
1748,POULTON-LE-FYLDE,4,53.84844,-2.99063
1749,PENGAM,3,51.67045,-3.23011
1750,PAIGNTON,1,50.43470,-3.56490
1751,PENHELIG,2,52.54570,-4.03504
1752,PENSHURST,2,51.19733,0.17348
1753,PILNING,1,51.55662,-2.62712
1754,PINHOE,3,50.73777,-3.46935
1755,PITLOCHRY,5,56.70249,-3.73557
1756,PENKRIDGE,2,52.72352,-2.11930
1757,PARKSTONE (DORSET),2,50.72296,-1.94796
1758,PARK STREET,2,51.72546,-0.34028
1759,PLUCKLEY,2,51.15647,0.74741
1760,PORTSLADE,5,50.83568,-0.20532
1761,POLLOKSHIELDS EAST,2,55.84105,-4.26860
1762,POLEGATE,5,50.82124,0.24515
1763,PLOCKTON,2,57.33354,-5.66600
1764,PLUMLEY,2,53.27469,-2.41967
1765,PORTLETHEN,2,57.06136,-2.12662
1766,PLEASINGTON,2,53.73097,-2.54413
1767,PONTLOTTYN,2,51.74663,-3.27897
1768,PLUMSTEAD,2,51.48980,0.08427
1769,POLLOKSHIELDS WEST,2,55.83768,-4.27575
1770,PLYMOUTH,10,50.37782,-4.14336
1771,PORTSMOUTH ARMS,2,50.95700,-3.95061
1772,PEMBROKE,3,51.67295,-4.90607
1773,PEMBROKE DOCK,1,51.69392,-4.93808
1774,PORTSMOUTH HARBOUR,2,50.79695,-1.10784
1775,PLUMPTON,4,50.92866,-0.06018
1776,PECKHAM RYE,7,51.47004,-0.06941
1777,PORTSMOUTH & SOUTHSEA,2,50.79848,-1.09091
1778,POLMONT,3,55.98472,-3.71497
1779,PENMAENMAWR,2,53.27048,-3.92352
1780,PENALLY,2,51.65892,-4.72209
1781,PENYCHAIN,2,52.90290,-4.33874
1782,PENGE EAST,4,51.41934,-0.05421
1783,PENYFFORDD,2,53.14311,-3.05485
1784,PANNAL,2,53.95834,-1.53346
1785,PENMERE,2,50.15032,-5.08325
1786,PENRITH NORTH LAKES,3,54.66181,-2.75889
1787,PENISTONE,2,53.52557,-1.62278
1788,PENGE WEST,2,51.41756,-0.06083
1789,PEN-Y-BONT,2,52.27395,-3.32194
1790,PENZANCE,2,50.12167,-5.53263
1791,POKESDOWN,2,50.73107,-1.82511
1792,POLSLOE BRIDGE,2,50.73127,-3.50197
1793,PONDERS END,2,51.64226,-0.03507
1794,POOLE,3,50.71941,-1.98333
1795,POPPLETON,2,53.97591,-1.14859
1796,PORTH,2,51.61253,-3.40720
1797,PONTEFRACT TANSHELF,2,53.69414,-1.31892
1798,PONTYPRIDD,3,51.59937,-3.34139
1799,POSSILPARK & PARKHOUSE,4,55.89013,-4.25851
1800,PONTYPOOL & NEW INN,2,51.69796,-3.01425
1801,PRESTWICK INTL AIRPORT,2,55.50903,-4.61416
1802,PRESTBURY,2,53.29340,-2.14548
1803,PRESTON,16,53.75687,-2.70812
1804,PENRHYNDEUDRAETH,2,52.92884,-4.06457
1805,PRITTLEWELL,2,51.55069,0.71069
1806,PARTON,2,54.57037,-3.58080
1807,PRESTON PARK,5,50.84594,-0.15517
1808,PRINCES RISBOROUGH,5,51.71786,-0.84388
1809,PREES,2,52.89932,-2.68966
1810,PRESTATYN,3,53.33652,-3.40714
1811,PRUDHOE,4,54.96583,-1.86486
1812,PERRANWELL,2,50.21657,-5.11213
1813,PERRY BARR,2,52.51650,-1.90196
1814,PRESCOT,3,53.42357,-2.79917
1815,PITSEA,3,51.56036,0.50630
1816,PERSHORE,2,52.13056,-2.07154
1817,PORT SUNLIGHT,2,53.34927,-2.99804
1818,PARSON STREET,2,51.43332,-2.60775
1819,PRESTONPANS,2,55.95309,-2.97477
1820,POLESWORTH,0,52.62584,-1.61054
1821,PORT TALBOT PARKWAY,5,51.59171,-3.78134
1822,PENTRE-BACH,2,51.72501,-3.36233
1823,PORTCHESTER,2,50.84874,-1.12424
1824,PONTARDDULAIS,2,51.71762,-4.04558
1825,PANTYFFYNNON,2,51.77888,-3.99746
1826,PORT GLASGOW,4,55.93350,-4.68981
1827,PERTH,14,56.39208,-3.43970
1828,PARTICK,5,55.86987,-4.30880
1829,PRIESTHILL & DARNLEY,2,55.81216,-4.34289
1830,PORTHMADOG,2,52.93093,-4.13446
1831,PETERSFIELD,4,51.00672,-0.94114
1832,PATTERTON,2,55.79060,-4.33529
1833,PRESTWICK,3,55.50169,-4.61515
1834,PULBOROUGH,3,50.95735,-0.51655
1835,PURLEY OAKS,2,51.34705,-0.09885
1836,PURLEY,12,51.33758,-0.11403
1837,PUTNEY,4,51.46131,-0.21647
1838,POLLOKSHAWS EAST,2,55.82463,-4.28688
1839,PWLLHELI,1,52.88785,-4.41672
1840,POLLOKSHAWS WEST,5,55.82381,-4.30160
1841,PATCHWAY,4,51.52593,-2.56270
1842,PONTYCLUN,3,51.52377,-3.39293
1843,PAISLEY GILMOUR STREET,7,55.84734,-4.42450
1844,PAISLEY ST JAMES,2,55.85210,-4.44244
1845,PYLE,2,51.52574,-3.69808
1846,PENRYN,2,50.17070,-5.11166
1847,PONT-Y-PANT,2,53.06515,-3.86274
1848,POYNTON,2,53.35040,-2.13441
1849,QUEENBOROUGH,2,51.41564,0.74968
1850,QUEENS PARK (GLASGOW),2,55.83529,-4.26674
1851,QUEENS PARK (LONDON),2,51.53397,-0.20498
1852,QUEENSTOWN ROAD (BATTERSEA),2,51.47497,-0.14667
1853,QUEENS ROAD PECKHAM,3,51.47357,-0.05731
1854,QUINTRELL DOWNS,2,50.40405,-5.02854
1855,QUAKERS YARD,2,51.66072,-3.32281
1856,RADLEY,3,51.68621,-1.24048
1857,RAINHAM (KENT),3,51.36630,0.61135
1858,RAMSGATE,5,51.34081,1.40649
1859,RANNOCH,2,56.68603,-4.57686
1860,RAUCEBY,2,52.98522,-0.45660
1861,RAVENGLASS,4,54.35571,-3.40881
1862,RAYNES PARK,5,51.40918,-0.23015
1863,ROBERTSBRIDGE,2,50.98493,0.46879
1864,BRITISH STEEL REDCAR,0,54.60989,-1.11267
1865,READING - BUSES,6,51.45814,-0.97167
1866,RISCA & PONTYMISTER,2,51.60584,-3.09223
1867,REDCAR CENTRAL,2,54.61623,-1.07087
1868,ROCHDALE,5,53.61032,-2.15352
1869,REDCAR EAST,2,54.60926,-1.05230
1870,REDLAND,2,51.46839,-2.59913
1871,REDBRIDGE (HANTS),3,50.91993,-1.47017
1872,REDDITCH,2,52.30629,-1.94554
1873,RIDDLESDOWN,4,51.33249,-0.09938
1874,RADCLIFFE (NOTTS),3,52.94881,-1.03733
1875,READING,21,51.45878,-0.97185
1876,REDHILL,9,51.24020,-0.16590
1877,RIDING MILL,2,54.94873,-1.97155
1878,REDDISH NORTH,3,53.44943,-2.15625
1879,RADYR,6,51.51633,-3.24836
1880,REDDISH SOUTH,2,53.43594,-2.15876
1881,RADLETT,2,51.68519,-0.31724
1882,READING WEST,6,51.45550,-0.99014
1883,RECTORY ROAD,2,51.55851,-0.06826
1884,REDRUTH,2,50.23324,-5.22597
1885,REEDHAM (NORFOLK),3,52.56453,1.55967
1886,REIGATE,4,51.24196,-0.20382
1887,RETFORD,8,53.31518,-0.94788
1888,ROCHFORD,2,51.58173,0.70232
1889,ROCK FERRY,2,53.37267,-3.01083
1890,RUGELEY TRENT VALLEY,3,52.76967,-1.92985
1891,RUGELEY TOWN,2,52.75439,-1.93684
1892,RAMSGREAVE & WILPSHIRE,2,53.77979,-2.47814
1893,RIBBLEHEAD,2,54.20585,-2.36085
1894,RHIWBINA,2,51.52118,-3.21398
1895,RHYL,4,53.31844,-3.48911
1896,REEDHAM (SURREY),2,51.33112,-0.12341
1897,RHOSNEIGR,3,53.23486,-4.50666
1898,RHYMNEY,1,51.75884,-3.28931
1899,RHOOSE,2,51.38707,-3.34940
1900,RICKMANSWORTH,2,51.64025,-0.47327
1901,RIDGMONT,2,52.02641,-0.59455
1902,RICE LANE,2,53.45778,-2.96232
1903,RISHTON,2,53.76383,-2.42016
1904,RUSKINGTON,2,53.04148,-0.38076
1905,RAYLEIGH,2,51.58930,0.59999
1906,ROWLANDS CASTLE,2,50.89216,-0.95746
1907,ROMAN BRIDGE,2,53.04444,-3.92165
1908,ROTHERHAM CENTRAL,2,53.43227,-1.36044
1909,RICHMOND (LONDON),5,51.46306,-0.30156
1910,ROMFORD,6,51.57483,0.18325
1911,ROMILEY,5,53.41403,-2.08932
1912,RAINFORD,2,53.51712,-2.78947
1913,RAINHILL,2,53.41713,-2.76640
1914,RAINHAM (LONDON),2,51.51673,0.19065
1915,ROUGHTON ROAD,3,52.91804,1.29980
1916,ROBY,2,53.41005,-2.85594
1917,ROCHE,2,50.41853,-4.83025
1918,ROTHERHITHE,2,51.50082,-0.05204
1919,ROGART,2,57.98870,-4.15819
1920,ROLLESTON,2,53.06531,-0.89967
1921,ROMSEY,5,50.99252,-1.49315
1922,ROOSE,2,54.11517,-3.19458
1923,ROGERSTONE,3,51.59561,-3.06663
1924,ROSYTH,3,56.04551,-3.42731
1925,ROWLEY REGIS,5,52.47733,-2.03088
1926,RYDER BROW,2,53.45660,-2.17309
1927,ROSE GROVE,4,53.78620,-2.28280
1928,ROSE HILL MARPLE,1,53.39624,-2.07652
1929,RENTON,2,55.97042,-4.58611
1930,ROCHESTER,9,51.38555,0.51029
1931,RUABON,2,52.98715,-3.04315
1932,RUNCORN EAST,3,53.32759,-2.66570
1933,RUFFORD,2,53.63448,-2.80784
1934,RUGBY,7,52.37911,-1.25048
1935,RUNCORN,7,53.33871,-2.73925
1936,RUSWARP,2,54.47020,-0.62777
1937,RUTHERGLEN,7,55.83059,-4.21210
1938,RAVENSBOURNE,3,51.41419,-0.00755
1939,RAVENSTHORPE,2,53.67554,-1.65558
1940,RAWCLIFFE,2,53.68906,-0.96086
1941,ROY BRIDGE,2,56.88834,-4.83724
1942,RYDE ESPLANADE,2,50.73285,-1.15962
1943,RYE,5,50.95237,0.73071
1944,RYE HOUSE,2,51.76942,0.00564
1945,ROYDON,2,51.77549,0.03626
1946,RYDE PIER HEAD,2,50.73917,-1.16013
1947,RYDE ST JOHNS ROAD,2,50.72435,-1.15657
1948,ROYSTON,6,52.05309,-0.02691
1949,ST ALBANS ABBEY,2,51.74474,-0.34257
1950,SMALLBROOK JUNCTION,0,50.71109,-1.15420
1951,ST ALBANS,6,51.75048,-0.32754
1952,SANDWELL & DUDLEY,4,52.50867,-2.01160
1953,SALTAIRE,2,53.83850,-1.79048
1954,SALFORDS (SURREY),2,51.20174,-0.16249
1955,SALHOUSE,2,52.67560,1.39143
1956,ST JOHNS (LONDON),3,51.46939,-0.02271
1957,SALISBURY,8,51.07054,-1.80639
1958,SALTMARSHE,2,53.72194,-0.80949
1959,SANDOWN,2,50.65685,-1.16239
1960,ST ANDREWS ROAD,2,51.51276,-2.69632
1961,ST ANNES-ON-THE-SEA,2,53.75304,-3.02911
1962,SOUTH ACTON,2,51.49970,-0.27016
1963,ST AUSTELL,5,50.33951,-4.78941
1964,STRATFORD-UPON-AVON,3,52.19426,-1.71630
1965,SAWBRIDGEWORTH,3,51.81435,0.16043
1966,SAXMUNDHAM,2,52.21492,1.49018
1967,SWANLEY,8,51.39339,0.16924
1968,STARBECK,2,53.99901,-1.50114
1969,ST BUDEAUX FERRY ROAD,3,50.40138,-4.18686
1970,STOURBRIDGE JUNCTION,8,52.44760,-2.13385
1971,SOUTH BANK,2,54.58383,-1.17666
1972,SOUTH BERMONDSEY,2,51.48814,-0.05467
1973,STONEBRIDGE PARK,2,51.54412,-0.27583
1974,SPEAN BRIDGE,2,56.88999,-4.92161
1975,ST BEES,3,54.49254,-3.59115
1976,STOURBRIDGE TOWN,1,52.45559,-2.14182
1977,SOUTHBURY,3,51.64871,-0.05243
1978,ST BUDEAUX VICTORIA ROAD,2,50.40200,-4.18745
1979,SELBY,11,53.78280,-1.06378
1980,SCARBOROUGH,2,54.27980,-0.40571
1981,STECHFORD,2,52.48483,-1.81103
1982,STONE CROSSING,2,51.45133,0.26379
1983,SCOTSTOUNHILL,2,55.88513,-4.35288
1984,ST COLUMB ROAD,2,50.39870,-4.94081
1985,STARCROSS,3,50.62778,-3.44773
1986,SCOTSCALDER,2,58.48298,-3.55207
1987,SCUNTHORPE,3,53.58620,-0.65098
1988,SOUTH CROYDON,4,51.36297,-0.09345
1989,SNODLAND,2,51.33023,0.44825
1990,SANDBACH,2,53.15019,-2.39351
1991,SHOREDITCH HIGH STREET,2,51.52338,-0.07524
1992,SHADWELL,2,51.51129,-0.05693
1993,SAUNDERSFOOT,3,51.72209,-4.71662
1994,SANDLING,3,51.09037,1.06606
1995,SUDBURY HILL HARROW,3,51.55847,-0.33580
1996,SANDHILLS,3,53.42995,-2.99150
1997,SHIELDMUIR,2,55.77748,-3.95699
1998,ST DENYS,4,50.92218,-1.38776
1999,SANDPLACE,2,50.38674,-4.46452
2000,SAUNDERTON,2,51.67590,-0.82547
2001,SANDWICH,3,51.26991,1.34258
2002,SANDY,2,52.12475,-0.28119
2003,SEAHAM,2,54.83906,-1.34633
2004,SEABURN,2,54.92954,-1.38669
2005,SEATON CAREW,2,54.65832,-1.20042
2006,SHELFORD (CAMBS),2,52.14884,0.13998
2007,SOUTHEASE,2,50.83126,0.03065
2008,SEAFORD,2,50.77284,0.10014
2009,SELLING,2,51.27736,0.94089
2010,SHOREHAM (KENT),2,51.33222,0.18890
2011,SELLAFIELD,3,54.41659,-3.51046
2012,SEAMER,3,54.24076,-0.41703
2013,SHENSTONE,2,52.63937,-1.84420
2014,ST ERTH,4,50.17048,-5.44432
2015,SOUTH ELMSALL,2,53.59462,-1.28486
2016,SETTLE,5,54.06692,-2.28071
2017,SEVENOAKS,9,51.27686,0.18168
2018,SOUTHEASE - CHURCH,2,50.82975,0.01922
2019,STRATFORD INTERNATIONAL,2,51.54483,-0.00877
2020,SALFORD CENTRAL,2,53.48309,-2.25484
2021,SEAFORTH & LITHERLAND,2,53.46628,-3.00563
2022,SHIFNAL,2,52.66609,-2.37185
2023,STANFORD-LE-HOPE,4,51.51437,0.42304
2024,SHALFORD (SURREY),3,51.21432,-0.56680
2025,SMETHWICK GALTON BRIDGE,4,52.50179,-1.98051
2026,SOUTH GYLE,5,55.93635,-3.29947
2027,ST GERMANS,3,50.39427,-4.30845
2028,SOUTH GREENFORD,2,51.53376,-0.33671
2029,STONE GRANVILLE SQUARE,4,52.90343,-2.14830
2030,SLADE GREEN,4,51.46779,0.19050
2031,SHIREBROOK,2,53.20426,-1.20244
2032,STREETHOUSE,2,53.67617,-1.40012
2033,SHILDON,2,54.62617,-1.63661
2034,SHERBORNE,2,50.94401,-2.51308
2035,SHEFFIELD,12,53.37824,-1.46210
2036,SHIREHAMPTON,2,51.48435,-2.67929
2037,SHIPLAKE,2,51.51146,-0.88260
2038,ST HELENS JUNCTION,2,53.43374,-2.70026
2039,SHAWLANDS,2,55.82920,-4.29234
2040,SHERINGHAM,1,52.94145,1.21033
2041,SHANKLIN,1,50.63390,-1.17984
2042,SHOLING,2,50.89674,-1.36492
2043,SHEPPERTON,1,51.39681,-0.44678
2044,SHREWSBURY,12,52.71195,-2.74977
2045,SHOTTS,2,55.81864,-3.79832
2046,SHOTTON,2,53.21256,-3.03843
2047,STONEHOUSE,2,51.74589,-2.27951
2048,SHAWFORD,2,51.02212,-1.32778
2049,SHIPLEY,7,53.83306,-1.77349
2050,SOUTHEND AIRPORT,3,51.56867,0.70506
2051,SILECROFT,2,54.22597,-3.33444
2052,SIDCUP,4,51.43387,0.10380
2053,SHERBURN-IN-ELMET,4,53.79717,-1.23268
2054,ST HELIER (LONDON),2,51.38990,-0.19877
2055,SILEBY,2,52.73161,-1.10999
2056,SINGER,4,55.90766,-4.40548
2057,SHIPTON,2,51.86565,-1.59270
2058,SITTINGBOURNE,5,51.34197,0.73470
2059,ST IVES (CORNWALL),2,50.20903,-5.47798
2060,ST JAMES PARK (DEVON),2,50.73115,-3.52202
2061,ST JAMES STREET (LONDON),3,51.58099,-0.03291
2062,SKEWEN,2,51.66139,-3.84654
2063,SKEGNESS,5,53.14320,0.33436
2064,SKIPTON,5,53.95870,-2.02588
2065,STOKE MANDEVILLE,2,51.78780,-0.78408
2066,ST KEYNE WISHING WELL HALT (RAIL STATION),2,50.42303,-4.46356
2067,STOCKSFIELD,2,54.94705,-1.91676
2068,STOKE NEWINGTON,2,51.56524,-0.07288
2069,SLATEFORD,3,55.92668,-3.24345
2070,SALTBURN,1,54.58346,-0.97414
2071,SALFORD CRESCENT,8,53.48660,-2.27575
2072,SLEIGHTS,2,54.46106,-0.66248
2073,SILKSTONE COMMON,2,53.53494,-1.56347
2074,STALLINGBOROUGH,2,53.58711,-0.18367
2075,SLOUGH,7,51.51188,-0.59150
2076,ST LEONARDS WARRIOR SQUARE,4,50.85569,0.56029
2077,SLEAFORD,7,52.99549,-0.41034
2078,SHETTLESTON,2,55.85352,-4.16003
2079,SALTCOATS,2,55.63387,-4.78428
2080,SILVER STREET,2,51.61470,-0.06723
2081,SALWICK,2,53.78155,-2.81704
2082,SELLY OAK,2,52.44199,-1.93581
2083,SMALL HEATH,2,52.46377,-1.85939
2084,SMITHY BRIDGE,2,53.63327,-2.11350
2085,SAMPFORD COURTENAY,2,50.77009,-3.94893
2086,STAMFORD,2,52.64785,-0.48011
2087,ST MARGARETS (LONDON),2,51.45524,-0.32020
2088,STAMFORD HILL,2,51.57447,-0.07668
2089,STOWMARKET,6,52.18973,1.00002
2090,SEA MILLS,2,51.47999,-2.64996
2091,SOUTHMINSTER,1,51.66063,0.83521
2092,SOUTH MERTON,2,51.40299,-0.20516
2093,SMETHWICK ROLFE STREET,2,52.49639,-1.97064
2094,ST MARGARETS (HERTS),2,51.78784,0.00128
2095,ST MARY CRAY,5,51.39475,0.10639
2096,SANDAL & AGBRIGG,2,53.66309,-1.48141
2097,SANDHURST,2,51.34693,-0.80459
2098,STONE,2,52.90835,-2.15504
2099,SHENFIELD,9,51.63088,0.32985
2100,SUNNINGDALE,2,51.39194,-0.63304
2101,ST HELENS CENTRAL,4,53.45313,-2.73030
2102,SNAITH,2,53.69313,-1.02845
2103,SANKEY FOR PENKETH,2,53.39248,-2.65047
2104,STONELEIGH,2,51.36340,-0.24867
2105,SWINTON (MANCHESTER),3,53.51484,-2.33746
2106,ST NEOTS,4,52.23158,-0.24741
2107,SANDERSTEAD,4,51.34828,-0.09367
2108,STAINES,6,51.43246,-0.50316
2109,STANLOW & THORNTON,2,53.27838,-2.84206
2110,SWANWICK,5,50.87566,-1.26586
2111,SUNNYMEADS,2,51.47029,-0.55937
2112,SOUTHAMPTON AIRPORT PARKWAY,6,50.95081,-1.36310
2113,SOUTHBOURNE,4,50.84826,-0.90811
2114,SOUTHEND CENTRAL,2,51.53707,0.71174
2115,SOUTHEND EAST,2,51.53898,0.73183
2116,SOUTH WOODHAM FERRERS,3,51.64947,0.60652
2117,STONEGATE,2,51.01997,0.36388
2118,SOUTH HAMPSTEAD,3,51.54144,-0.17887
2119,SOUTH KENTON,2,51.57022,-0.30846
2120,SOLIHULL,5,52.41441,-1.78840
2121,SOUTH MILFORD,3,53.78234,-1.25053
2122,STEETON & SILSDEN,2,53.90005,-1.94472
2123,STROOD,8,51.39655,0.50019
2124,SOUTHPORT,3,53.64653,-3.00244
2125,SOLE STREET,3,51.38315,0.37810
2126,STOKE-ON-TRENT,14,53.00800,-2.18099
2127,SOUTHAMPTON CENTRAL,12,50.90744,-1.41360
2128,SOUTHEND VICTORIA,2,51.54152,0.71151
2129,SOWERBY BRIDGE,2,53.70786,-1.90703
2130,SPALDING,3,52.78883,-0.15687
2131,SHEPHERDS BUSH,4,51.50529,-0.21765
2132,SPRINGFIELD,0,56.29496,-3.05245
2133,SHEPHERDS WELL,2,51.18840,1.22992
2134,SPITAL,2,53.33995,-2.99391
2135,SUTTON PARKWAY,2,53.11412,-1.24557
2136,SPOONER ROW,0,52.53502,1.08649
2137,SPONDON,2,52.91224,-1.41109
2138,SHIPPEA HILL,0,52.43023,0.41336
2139,SPRINGBURN,3,55.88192,-4.23053
2140,STEPPS,2,55.89012,-4.14080
2141,STOCKPORT,14,53.40556,-2.16301
2142,STAPLEHURST,2,51.17147,0.55045
2143,SHEPLEY,2,53.58875,-1.70493
2144,SURREY QUAYS,5,51.49320,-0.04751
2145,SANQUHAR,2,55.37016,-3.92452
2146,SQUIRES GATE,2,53.77734,-3.05031
2147,STRATFORD (LONDON),11,51.54190,-0.00339
2148,STREATHAM COMMON,4,51.41873,-0.13601
2149,STAPLETON ROAD,4,51.46751,-2.56622
2150,SEER GREEN,3,51.60984,-0.60781
2151,STREATHAM HILL,4,51.43820,-0.12716
2152,SPRING ROAD,3,52.44342,-1.83738
2153,SHIRLEY,2,52.40344,-1.84518
2154,STRINES,2,53.37506,-2.03391
2155,SHIREOAKS,2,53.32480,-1.16799
2156,SARN,3,51.53872,-3.58993
2157,SELHURST,6,51.39193,-0.08830
2158,SHORTLANDS,3,51.40580,0.00179
2159,SOUTH RUISLIP,4,51.55693,-0.39925
2160,SHOEBURYNESS,1,51.53098,0.79536
2161,SEASCALE,3,54.39588,-3.48451
2162,STANSTED AIRPORT,7,51.88860,0.26082
2163,SHOREHAM-BY-SEA (SUSSEX),5,50.83442,-0.27171
2164,STOCKSMOOR,2,53.59410,-1.72325
2165,SHEERNESS-ON-SEA,1,51.44106,0.75855
2166,STANSTED MOUNTFITCHET,3,51.90144,0.19978
2167,STAFFORD,15,52.80391,-2.12204
2168,STRATHCARRON,2,57.42271,-5.42862
2169,STROUD (GLOS),3,51.74462,-2.21939
2170,STREATHAM,7,51.42581,-0.13155
2171,STROMEFERRY,2,57.35228,-5.55116
2172,STIRLING,9,56.11980,-3.93562
2173,SHEPRETH,2,52.11417,0.03133
2174,SEVERN TUNNEL JUNCTION,5,51.58467,-2.77790
2175,STOCKTON,3,54.56963,-1.31854
2176,SOUTHALL,3,51.50596,-0.37861
2177,ST MICHAELS,2,53.37562,-2.95280
2178,STONEHAVEN,4,56.96682,-2.22531
2179,SOUTH TOTTENHAM,2,51.58038,-0.07210
2180,LONDON ST PANCRAS INTERNATIONAL,10,51.53240,-0.12718
2181,STRANRAER,1,54.90960,-5.02473
2182,SALTASH,4,50.40735,-4.20916
2183,STEWARTON,2,55.68214,-4.51804
2184,STURRY,2,51.30107,1.12227
2185,STEVENSTON,2,55.63427,-4.75078
2186,STRAWBERRY HILL,3,51.43897,-0.33936
2187,STRATFORD-UPON-AVON PARKWAY,4,52.20679,-1.73085
2188,ST PETERS,2,54.91145,-1.38380
2189,SUTTON COMMON,2,51.37489,-0.19634
2190,SUDBURY & HARROW ROAD,2,51.55440,-0.31547
2191,SUGAR LOAF,2,52.08228,-3.68697
2192,SUMMERSTON,2,55.89882,-4.29153
2193,SUNDERLAND,4,54.90534,-1.38230
2194,SUTTON (LONDON),7,51.35953,-0.19121
2195,SUNDRIDGE PARK,2,51.41378,0.02145
2196,SURBITON,14,51.39246,-0.30396
2197,SUTTON COLDFIELD,4,52.56495,-1.82485
2198,SUNBURY,2,51.41832,-0.41777
2199,SUDBURY (SUFFOLK),1,52.03629,0.73546
2200,SEVERN BEACH,1,51.56002,-2.66449
2201,STEVENAGE,13,51.90169,-0.20711
2202,SEVEN KINGS,2,51.56403,0.09711
2203,STAVELEY,2,54.37553,-2.81886
2204,SILVERDALE,2,54.16991,-2.80384
2205,SEVEN SISTERS,6,51.58227,-0.07526
2206,SWANSEA,5,51.62514,-3.94158
2207,SWINDERBY,2,53.16958,-0.70268
2208,SWINESHEAD,2,52.96983,-0.18716
2209,SWAYTHLING,2,50.94114,-1.37641
2210,SWINDON,8,51.56547,-1.78551
2211,SOUTHWICK,3,50.83251,-0.23595
2212,SWALE,2,51.38924,0.74715
2213,SWANSCOMBE,2,51.44907,0.30955
2214,SWINTON (SOUTH YORKS),5,53.48626,-1.30582
2215,SNOWDOWN,2,51.21530,1.21372
2216,STEWARTBY,2,52.06909,-0.52068
2217,SOUTH WIGSTON,2,52.58224,-1.13408
2218,SLAITHWAITE,2,53.62384,-1.88158
2219,SWAY,2,50.78469,-1.61001
2220,SAXILBY,2,53.26722,-0.66404
2221,STYAL,2,53.34835,-2.24046
2222,STALYBRIDGE,5,53.48460,-2.06274
2223,SYDENHAM,4,51.42725,-0.05424
2224,SYDENHAM HILL,3,51.43272,-0.08033
2225,SYON LANE,2,51.48179,-0.32484
2226,SYSTON,2,52.69422,-1.08240
2227,SOMERLEYTON,2,52.51025,1.65228
2228,TAME BRIDGE PARKWAY,4,52.55294,-1.97621
2229,TACKLEY,2,51.88125,-1.29753
2230,TADWORTH,2,51.29164,-0.23596
2231,TAFFS WELL,3,51.54080,-3.26295
2232,TAIN,2,57.81441,-4.05205
2233,TALSARNAU,2,52.90433,-4.06817
2234,TAMWORTH,3,52.63749,-1.68647
2235,TAPLOW,2,51.52356,-0.68137
2236,TATTENHAM CORNER,2,51.30918,-0.24261
2237,TAUNTON,8,51.02329,-3.10277
2238,TAYNUILT,2,56.43079,-5.23959
2239,THREE BRIDGES,6,51.11692,-0.16118
2240,TUNBRIDGE WELLS,3,51.13023,0.26282
2241,THORNABY,6,54.55927,-1.30141
2242,TONDU,2,51.54737,-3.59557
2243,TEES-SIDE AIRPORT,2,54.51814,-1.42531
2244,TEDDINGTON,4,51.42448,-0.33271
2245,TENBY,3,51.67295,-4.70673
2246,THEOBALDS GROVE,3,51.69246,-0.03482
2247,TEYNHAM,2,51.33339,0.80744
2248,TELFORD CENTRAL,4,52.68112,-2.44098
2249,TEIGNMOUTH,3,50.54805,-3.49469
2250,TY GLAS,2,51.52154,-3.19654
2251,THATCHAM,6,51.39384,-1.24319
2252,THORNLIEBANK,2,55.81109,-4.31170
2253,THURNSCOE,2,53.54506,-1.30879
2254,THAMES DITTON,2,51.38910,-0.33915
2255,THEALE,5,51.43345,-1.07497
2256,THATTO HEATH,3,53.43659,-2.75937
2257,THIRSK,2,54.22822,-1.37259
2258,TILE HILL,2,52.39512,-1.59685
2259,THORNFORD,2,50.91056,-2.57900
2260,THURSO,2,58.59017,-3.52756
2261,THORNTONHALL,2,55.76867,-4.25116
2262,THURGARTON,2,53.02897,-0.96225
2263,THE HAWTHORNS,3,52.50538,-1.96401
2264,TILBURY TOWN,2,51.46236,0.35404
2265,TIPTON,2,52.53045,-2.06570
2266,TIR-PHIL,2,51.72091,-3.24639
2267,TISBURY,2,51.06084,-2.07901
2268,TALYBONT,2,52.77264,-4.09661
2269,TAL-Y-CAFN,2,53.22838,-3.81828
2270,TILEHURST,2,51.47151,-1.02982
2271,THE LAKES,4,52.35916,-1.84467
2272,THORPE-LE-SOKEN,5,51.84765,1.16141
2273,TEMPLECOMBE,2,51.00149,-2.41773
2274,THORNTON ABBEY,2,53.65432,-0.32303
2275,TONFANAU,2,52.61356,-4.12371
2276,THORNE NORTH,3,53.61608,-0.97232
2277,TONYPANDY,2,51.61976,-3.44889
2278,THORNE SOUTH,2,53.60335,-0.95510
2279,TODMORDEN,4,53.71384,-2.09965
2280,THREE OAKS,4,50.90111,0.61306
2281,TOLWORTH,2,51.37686,-0.27946
2282,TOTTENHAM HALE,11,51.58832,-0.05992
2283,TONBRIDGE,6,51.19141,0.27099
2284,TOOTING,2,51.41985,-0.16127
2285,TOPSHAM,4,50.68620,-3.46444
2286,TOTNES,3,50.43585,-3.68872
2287,THORPE BAY,2,51.53757,0.76174
2288,THORPE CULVERT,2,53.12311,0.19942
2289,TON PENTRE,2,51.64780,-3.48620
2290,TORQUAY,3,50.46112,-3.54330
2291,TRAFFORD PARK,2,53.45484,-2.31063
2292,TREHERBERT,1,51.67224,-3.53632
2293,TROED-Y-RHIW,2,51.71242,-3.34676
2294,TREFFOREST ESTATE,2,51.56829,-3.29026
2295,TREFFOREST,3,51.59146,-3.32513
2296,TREHAFOD,2,51.61015,-3.38099
2297,TRING,3,51.80075,-0.62243
2298,TRIMLEY,2,51.97654,1.31956
2299,TROON,4,55.54280,-4.65529
2300,TROWBRIDGE,3,51.31983,-2.21435
2301,TORRE,2,50.47317,-3.54644
2302,THURSTON,2,52.25002,0.80866
2303,TRURO,4,50.26383,-5.06487
2304,TREORCHY,2,51.65753,-3.50575
2305,TADWORTH - THE AVENUE,2,51.29101,-0.23599
2306,THETFORD,5,52.41915,0.74508
2307,THORNTON HEATH,2,51.39878,-0.10030
2308,TOTTON,4,50.91787,-1.48243
2309,TULSE HILL,8,51.43986,-0.10507
2310,TULLOCH,3,56.88426,-4.70132
2311,TURKEY STREET,3,51.67264,-0.04721
2312,TUTBURY & HATTON,2,52.86415,-1.68224
2313,TIVERTON PARKWAY,2,50.91717,-3.35966
2314,TWICKENHAM,5,51.45003,-0.33040
2315,TOWN GREEN,2,53.54282,-2.90449
2316,TWYFORD,5,51.47553,-0.86329
2317,TY CROES,2,53.22258,-4.47475
2318,TYGWYN,2,52.89380,-4.07867
2319,TYNDRUM LOWER,2,56.43333,-4.71481
2320,TYSELEY,5,52.45412,-1.83911
2321,TYWYN,2,52.58559,-4.09357
2322,UCKFIELD,1,50.96874,0.09639
2323,UDDINGSTON,6,55.82352,-4.08669
2324,UPHALL,2,55.91904,-3.50211
2325,UPPER HOLLOWAY,4,51.56364,-0.12951
2326,ULCEBY,2,53.61922,-0.30083
2327,ULLESKELF,2,53.85362,-1.21397
2328,ULVERSTON,4,54.19159,-3.09792
2329,UMBERLEIGH,6,50.99675,-3.98292
2330,UNIVERSITY,7,52.45125,-1.93668
2331,UPPER HALLIFORD,2,51.41307,-0.43090
2332,UPHOLLAND,2,53.52839,-2.74140
2333,UPMINSTER,6,51.55902,0.25089
2334,UPTON,2,53.38651,-3.08416
2335,UPWEY,3,50.64826,-2.46615
2336,URMSTON,5,53.44829,-2.35380
2337,UTTOXETER,2,52.89681,-1.85726
2338,UPPER TYNDRUM,2,56.43465,-4.70371
2339,UPPER WARLINGHAM,5,51.30851,-0.07795
2340,VALLEY,3,53.28130,-4.56339
2341,LONDON VICTORIA,9,51.49526,-0.14454
2342,VIRGINIA WATER,6,51.40180,-0.56217
2343,VAUXHALL,3,51.48619,-0.12289
2344,WARRINGTON CENTRAL,9,53.39183,-2.59316
2345,WADHURST,5,51.07346,0.31319
2346,LONDON WATERLOO EAST,6,51.50408,-0.10889
2347,WALLYFORD,2,55.94028,-3.01494
2348,WALTON-ON-THAMES,3,51.37293,-0.41463
2349,WALMER,2,51.20332,1.38289
2350,WANBOROUGH,2,51.24452,-0.66759
2351,WALTON (MERSEYSIDE),2,53.45623,-2.96575
2352,WARE,3,51.80796,-0.02877
2353,WATTON-AT-STONE,2,51.85644,-0.11942
2354,LONDON WATERLOO,6,51.50330,-0.11310
2355,WAVERTREE TECHNOLOGY PARK,3,53.40520,-2.92291
2356,WATERBEACH,2,52.26232,0.19679
2357,WHITLEY BRIDGE,2,53.69914,-1.15828
2358,WARBLINGTON,2,50.85343,-0.96715
2359,WIMBLEDON CHASE,2,51.40956,-0.21403
2360,WEST BROMPTON,2,51.48707,-0.19559
2361,WARRINGTON BANK QUAY,8,53.38603,-2.60236
2362,WHALEY BRIDGE,2,53.33025,-1.98464
2363,WEST BYFLEET,4,51.33923,-0.50548
2364,WESTCOMBE PARK,2,51.48421,0.01840
2365,WESTCLIFF-ON-SEA,2,51.53734,0.69148
2366,WHITCHURCH (HANTS),2,51.23754,-1.33775
2367,WICK,1,58.44156,-3.09686
2368,WEST CALDER,2,55.85380,-3.56701
2369,WICKHAM MARKET,2,52.15112,1.39869
2370,WORCESTER PARK,5,51.38125,-0.24517
2371,WHITECRAIGS,2,55.79031,-4.31015
2372,WEMBLEY STADIUM,5,51.55442,-0.28561
2373,WEST CROYDON,4,51.37843,-0.10258
2374,WOODBRIDGE,3,52.09046,1.31779
2375,WIDDRINGTON,2,55.24130,-1.61648
2376,WOOD END,3,52.34369,-1.84421
2377,WOODHOUSE,2,53.36376,-1.35756
2378,WOODHALL,3,55.93119,-4.65539
2379,WINDERMERE,2,54.37961,-2.90339
2380,WALSDEN,2,53.69628,-2.10446
2381,WADDON,2,51.36740,-0.11733
2382,WOODLESFORD,2,53.75680,-1.44289
2383,WEST DRAYTON,4,51.51006,-0.47223
2384,WEST DULWICH,2,51.44072,-0.09137
2385,WEST EALING,3,51.51351,-0.32013
2386,WEELEY,2,51.85311,1.11549
2387,WEST HAM,3,51.52849,0.00544
2388,WELLINGBOROUGH,5,52.30379,-0.67664
2389,WEM,4,52.85642,-2.71802
2390,WEDGWOOD OLD ROAD BRIDGE,2,52.95085,-2.17521
2391,WESTERTON,6,55.90479,-4.33487
2392,WEETON,2,53.92319,-1.58121
2393,WEYMOUTH,3,50.61530,-2.45423
2394,WHIFFLET,3,55.85369,-4.01864
2395,WATFORD HIGH STREET,2,51.65266,-0.39171
2396,WESTERFIELD,3,52.08100,1.16592
2397,WATFORD JUNCTION,14,51.66391,-0.39593
2398,WAINFLEET,4,53.10515,0.23474
2399,WATFORD NORTH,2,51.67570,-0.38993
2400,WESTGATE-ON-SEA,2,51.38145,1.33838
2401,WELWYN GARDEN CITY,3,51.80105,-0.20407
2402,WIGAN NORTH WESTERN,13,53.54368,-2.63327
2403,WOODGRANGE PARK,2,51.54927,0.04443
2404,WIGTON,2,54.82912,-3.16434
2405,WARGRAVE,2,51.49816,-0.87652
2406,WIGAN WALLGATE,9,53.54484,-2.63318
2407,WESTENHANGER,2,51.09496,1.03807
2408,WALTHAMSTOW CENTRAL,4,51.58293,-0.01981
2409,WEST HAMPSTEAD,2,51.54747,-0.19118
2410,WHALLEY,2,53.82403,-2.41226
2411,WESTHOUGHTON,4,53.55568,-2.52373
2412,WHITSTABLE,3,51.35758,1.03330
2413,WHITE HART LANE,2,51.60504,-0.07091
2414,WHIMPLE,3,50.76802,-3.35434
2415,WHISTON,2,53.41388,-2.79643
2416,WEST HAMPSTEAD THAMESLINK,6,51.54848,-0.19183
2417,WEST HORNDON,2,51.56795,0.34065
2418,WHYTELEAFE SOUTH,2,51.30339,-0.07691
2419,WHITCHURCH (CARDIFF),2,51.52075,-3.22326
2420,WHYTELEAFE,4,51.30996,-0.08114
2421,WICKFORD,6,51.61503,0.51919
2422,WIDNES,4,53.37851,-2.73354
2423,WINCHMORE HILL,3,51.63395,-0.10089
2424,WILLESDEN JUNCTION,3,51.53250,-0.24455
2425,WILLINGTON,2,52.85366,-1.56336
2426,WIMBLEDON,7,51.42122,-0.20637
2427,WINCHESTER,8,51.06721,-1.31970
2428,WIVENHOE,4,51.85654,0.95615
2429,WEST KILBRIDE,2,55.69615,-4.85174
2430,WALKDEN,3,53.51979,-2.39633
2431,WAKEFIELD WESTGATE,7,53.68166,-1.50511
2432,WORKINGTON,2,54.64510,-3.55850
2433,WEST KIRBY,1,53.37319,-3.18377
2434,WAKEFIELD KIRKGATE,9,53.67867,-1.48856
2435,WOKINGHAM,5,51.41122,-0.84255
2436,WALTHAM CROSS,5,51.68507,-0.02655
2437,WEST ST LEONARDS,3,50.85315,0.53994
2438,WHITTLESEA,2,52.54955,-0.11898
2439,WHITTLESFORD PARKWAY,4,52.10360,0.16562
2440,WALLASEY GROVE ROAD,2,53.42801,-3.06972
2441,WELLING,2,51.46480,0.10170
2442,WILLIAMWOOD,2,55.79368,-4.29033
2443,WELLINGTON (SHROPSHIRE),3,52.70132,-2.51716
2444,WATERLOO (MERSEYSIDE),2,53.47497,-3.02554
2445,WELSHPOOL,2,52.65751,-3.13987
2446,WOOLSTON,5,50.89891,-1.37706
2447,WALLINGTON,3,51.36039,-0.15083
2448,WALLASEY VILLAGE,2,53.42290,-3.06914
2449,WELWYN NORTH,2,51.82350,-0.19209
2450,WOODLEY,2,53.42927,-2.09327
2451,WEST MALLING,4,51.29202,0.41866
2452,WEMBLEY CENTRAL,5,51.55233,-0.29643
2453,WILMCOTE,7,52.22301,-1.75602
2454,WYMONDHAM,3,52.56544,1.11804
2455,WOODMANSTERNE,2,51.31902,-0.15426
2456,WELHAM GREEN,2,51.73635,-0.21069
2457,WILDMILL,2,51.52087,-3.57965
2458,WILMSLOW,8,53.32686,-2.22633
2459,WARMINSTER,3,51.20677,-2.17675
2460,WIDNEY MANOR,2,52.39595,-1.77438
2461,WEMYSS BAY,1,55.87613,-4.88907
2462,WALTHAMSTOW QUEENS ROAD,3,51.58151,-0.02384
2463,WINDSOR & ETON CENTRAL,1,51.48327,-0.61037
2464,WENDOVER,2,51.76176,-0.74737
2465,WILNECOTE (STAFFS),2,52.61072,-1.67972
2466,WINCHFIELD,2,51.28495,-0.90698
2467,WAUN-GRON PARK,2,51.48820,-3.22966
2468,WARNHAM,0,51.09290,-0.32945
2469,WHINHILL,2,55.93836,-4.74668
2470,WESTON MILTON,2,51.34847,-2.94240
2471,WENNINGTON,2,54.12372,-2.58752
2472,WANSTEAD PARK,2,51.55170,0.02622
2473,WINDSOR & ETON RIVERSIDE,1,51.48565,-0.60653
2474,WINNERSH,2,51.43028,-0.87686
2475,WANDSWORTH TOWN,2,51.46105,-0.18812
2476,WEST NORWOOD,4,51.43175,-0.10383
2477,WHITE NOTLEY,2,51.83892,0.59588
2478,WOBURN SANDS,2,52.01816,-0.65408
2479,WORCESTER FOREGATE STREET,4,52.19515,-2.22160
2480,WOLDINGHAM,2,51.29016,-0.05186
2481,WOKING,13,51.31847,-0.55695
2482,WOLVERTON,2,52.06589,-0.80426
2483,WOMBWELL,3,53.51737,-1.41617
2484,WALTON-ON-THE-NAZE,1,51.84618,1.26769
2485,WOOL,3,50.68162,-2.22148
2486,WORLE,3,51.35803,-2.90964
2487,WORCESTER SHRUB HILL,5,52.19474,-2.20942
2488,WAPPING,2,51.50439,-0.05592
2489,WORPLESDON,2,51.28902,-0.58257
2490,WRABNESS,2,51.93952,1.17151
2491,WRENBURY,2,53.01941,-2.59594
2492,WORTHING,9,50.81849,-0.37616
2493,WORKSOP,5,53.31153,-1.12277
2494,WETHERAL,2,54.88384,-2.83171
2495,WAREHAM,3,50.69287,-2.11526
2496,WEST RUNTON,2,52.93555,1.24547
2497,WARWICK PARKWAY,5,52.28611,-1.61206
2498,WRESSLE,2,53.77294,-0.92436
2499,WORSTEAD,2,52.77745,1.40409
2500,WEST RUISLIP,6,51.56976,-0.43776
2501,WARWICK,4,52.28655,-1.58186
2502,WREXHAM GENERAL,4,53.05025,-3.00245
2503,WRAYSBURY,2,51.45771,-0.54192
2504,WEST ALLERTON,2,53.36914,-2.90697
2505,WESTBURY (WILTS),6,51.26698,-2.19919
2506,WINCHELSEA,2,50.93376,0.70227
2507,WINSFORD,2,53.19053,-2.49459
2508,WISHAW,3,55.77203,-3.92643
2509,WALSALL,4,52.58441,-1.98475
2510,WESTON-SUPER-MARE,7,51.34432,-2.97168
2511,WOODSMOOR,2,53.38649,-2.14208
2512,WOOD STREET,2,51.58659,-0.00240
2513,WEST SUTTON,2,51.36585,-0.20517
2514,WANDSWORTH COMMON,2,51.44619,-0.16338
2515,WESTER HAILES,2,55.91431,-3.28434
2516,WHITBY,1,54.48462,-0.61540
2517,WHITCHURCH (SHROPS),5,52.96808,-2.67170
2518,WHITLOCKS END,2,52.39185,-1.85153
2519,WATLINGTON,2,52.67319,0.38333
2520,WHITEHAVEN,2,54.55303,-3.58693
2521,WINNERSH TRIANGLE,2,51.43674,-0.89134
2522,WHITLAND,6,51.81804,-4.61442
2523,WITHAM (ESSEX),8,51.80598,0.63914
2524,WHITTON,3,51.44961,-0.35768
2525,WATER ORTON,0,52.51859,-1.74310
2526,WATERINGBURY,2,51.24973,0.42247
2527,WHATSTANDWELL,2,53.08334,-1.50408
2528,WITTON (WEST MIDLANDS),2,52.51239,-1.88443
2529,WITLEY,2,51.13316,-0.64578
2530,WIVELSFIELD,5,50.96429,-0.12079
2531,WOLVERHAMPTON,10,52.58786,-2.11952
2532,WOOLWICH ARSENAL,4,51.48991,0.06920
2533,WOOLWICH DOCKYARD,2,51.49113,0.05465
2534,WEST WICKHAM,2,51.38130,-0.01443
2535,WHITWELL (DERBYS),2,53.27998,-1.20021
2536,WEST WORTHING,3,50.81835,-0.39298
2537,WANDSWORTH ROAD,4,51.47022,-0.13852
2538,WOOTTON WAWEN,2,52.26691,-1.78471
2539,WREXHAM CENTRAL,1,53.04621,-2.99906
2540,WEYBRIDGE,6,51.36177,-0.45773
2541,WYE,3,51.18501,0.92932
2542,WYLDE GREEN,3,52.54572,-1.83140
2543,WYLAM,3,54.97497,-1.81406
2544,WYTHALL,4,52.37995,-1.86553
2545,YATE,2,51.54060,-2.43252
2546,YALDING,2,51.22648,0.41217
2547,YATTON,4,51.39101,-2.82779
2548,YEOFORD,2,50.77692,-3.72715
2549,YETMINSTER,2,50.89575,-2.57377
2550,YNYSWEN,2,51.66497,-3.52161
2551,YOKER,3,55.89257,-4.38628
2552,YARDLEY WOOD,2,52.42151,-1.85438
2553,YORK,18,53.95798,-1.09318
2554,YARM,2,54.49390,-1.35154
2555,YORTON,2,52.80897,-2.73646
2556,YSTRAD MYNACH,2,51.64093,-3.24131
2557,YSTRAD RHONDDA,2,51.64364,-3.46670
2558,YEOVIL JUNCTION,4,50.92473,-2.61247
2559,YEOVIL PEN MILL,4,50.94451,-2.61344
2560,CANADA WATER,2,51.49799,-0.04971
2561,FARRINGDON (LONDON),3,51.52017,-0.10520
2562,WHITECHAPEL,2,51.51947,-0.05975
2563,ALBANY PARK - FOOTSCRAY LANE,2,51.43662,0.11954
2564,ALBANY PARK - HURST ROAD/VALENTINE AVENUE,2,51.43826,0.13207
2565,BANSTEAD - FIR TREE ROAD,2,51.32798,-0.21110
2566,FISHBOURNE - SALTHILL ROAD,2,50.83609,-0.81644
2567,SMETHWICK GALTON BRIDGE HIGH LEVEL,5,52.50179,-1.98050
2568,GLASGOW CENTRAL LOW LEVEL,4,55.85867,-4.25848
2569,GLASGOW QUEEN STREET LOW LEVEL,4,55.86233,-4.25064
2570,KINGS SUTTON - VILLAGE SQUARE,2,52.02110,-1.27472
2571,LICHFIELD TRENT VALLEY HIGH LEVEL,1,52.68691,-1.80025
2572,LIVERPOOL CENTRAL LOOP LINE,2,53.40461,-2.97916
2573,LIVERPOOL LIME STREET LOW LEVEL,0,53.40822,-2.97775
2574,NEW CROSS GATE ELL,2,51.47513,-0.04041
2575,NORTHFLEET - COOPERS ARMS,2,51.44607,0.32664
2576,NUTBOURNE - BARLEYCORN,2,50.84299,-0.88267
2577,NEW CROSS ELL,1,51.47635,-0.03243
2578,OLDFIELD PARK - LOWER BRISTOL ROAD,2,51.38203,-2.38063
2579,PENSHURST - LITTLE BROWN JUG PH,2,51.19756,0.17347
2580,RICHMOND NLL,1,51.46315,-0.30141
2581,RETFORD LOW LEVEL,3,53.31409,-0.94477
2582,SOUTHBOURNE POST OFFICE,3,50.84506,-0.90904
2583,SHOTTON HIGH LEVEL,3,53.21355,-3.03771
2584,STONEHOUSE - POST OFFICE,2,51.74588,-2.28241
2585,LONDON ST PANCRAS INTERNATIONAL LL,6,51.53217,-0.12734
2586,SWANSCOMBE - GEORGE & DRAGON,2,51.45008,0.31022
2587,TAMWORTH HIGH LEVEL,5,52.63749,-1.68645
2588,WEST DULWICH - CROXTED ROAD,2,51.44108,-0.09286
2589,WHYTELEAFE SOUTH - MAIN ROAD,2,51.30370,-0.07661
2590,WILLESDEN JUNCTION LOW LEVEL,3,51.53203,-0.24327
