service_id,monday,tuesday,wednesday,thursday,friday,saturday,sunday,start_date,end_date
1,0,0,0,0,0,0,1,20130818,20130818
2,0,0,0,0,0,1,0,20130817,20130817
3,0,0,0,0,1,0,0,20130816,20130816
4,0,0,0,0,1,1,0,20130816,20130817
5,0,0,0,1,0,0,0,20130815,20130815
6,0,0,0,1,1,0,0,20130815,20130816
7,0,0,0,1,1,1,0,20130815,20130817
8,0,0,1,0,0,0,0,20130814,20130814
9,0,0,1,1,0,0,0,20130814,20130815
10,0,0,1,1,1,0,0,20130814,20130816
11,0,1,0,0,0,0,0,20130813,20130813
12,0,1,0,0,1,0,0,20130813,20130816
13,0,1,1,0,0,0,0,20130813,20130814
14,0,1,1,0,1,0,0,20130813,20130816
15,0,1,1,1,0,0,0,20130813,20130815
16,0,1,1,1,0,1,0,20130813,20130817
17,0,1,1,1,1,0,0,20130813,20130816
18,0,1,1,1,1,1,0,20130813,20130817
19,1,0,0,0,0,0,0,20130812,20130812
20,1,0,0,0,1,0,0,20130812,20130816
21,1,0,0,1,0,0,0,20130812,20130815
22,1,0,0,1,1,0,0,20130812,20130816
23,1,0,1,0,1,0,0,20130812,20130816
24,1,0,1,1,1,0,0,20130812,20130816
25,1,1,0,0,0,0,0,20130812,20130813
26,1,1,0,0,1,0,0,20130812,20130816
27,1,1,0,1,0,0,0,20130812,20130815
28,1,1,0,1,1,0,0,20130812,20130816
29,1,1,1,0,0,0,0,20130812,20130814
30,1,1,1,0,1,0,0,20130812,20130816
31,1,1,1,1,0,0,0,20130812,20130815
32,1,1,1,1,1,0,0,20130812,20130816
33,1,1,1,1,1,1,0,20130812,20130817
34,0,0,0,0,0,0,1,20130818,20130825
35,0,0,0,0,0,1,0,20130817,20130824
36,0,0,0,0,1,0,0,20130816,20130823
37,0,0,0,1,0,0,0,20130815,20130822
38,0,0,0,1,1,0,0,20130815,20130823
39,0,0,1,1,0,0,0,20130814,20130822
40,0,1,1,1,0,0,0,20130813,20130822
41,0,1,1,1,1,0,0,20130813,20130823
42,0,1,1,1,1,1,0,20130813,20130824
43,1,0,0,0,0,0,0,20130812,20130819
44,1,0,0,0,1,0,0,20130812,20130823
45,1,0,1,0,0,0,0,20130812,20130821
47,1,0,1,1,0,0,0,20130812,20130822
48,1,1,0,0,0,0,0,20130812,20130820
49,1,1,0,1,1,0,0,20130812,20130823
50,1,1,1,0,0,0,0,20130812,20130821
51,1,1,1,0,1,0,0,20130812,20130823
52,1,1,1,1,0,0,0,20130812,20130822
53,1,1,1,1,0,1,0,20130812,20130824
54,1,1,1,1,1,0,0,20130812,20130823
55,1,1,1,1,1,1,0,20130812,20130824
56,0,0,0,0,0,0,1,20130818,20130901
57,0,0,0,0,0,1,0,20130817,20130831
58,0,0,0,0,1,0,0,20130816,20130830
59,0,0,0,1,0,0,0,20130815,20130829
60,0,0,0,1,1,0,0,20130815,20130830
61,0,0,1,0,0,0,0,20130814,20130828
62,0,1,0,0,0,0,0,20130813,20130827
63,0,1,1,1,0,0,0,20130813,20130829
64,0,1,1,1,1,0,0,20130813,20130830
65,1,0,0,0,0,0,0,20130812,20130826
66,1,0,0,0,1,0,0,20130812,20130830
67,1,0,0,0,1,1,0,20130812,20130831
68,1,1,0,1,0,0,0,20130812,20130829
69,1,1,0,1,1,0,0,20130812,20130830
70,1,1,1,1,0,0,0,20130812,20130829
71,1,1,1,1,1,0,0,20130812,20130830
72,1,1,1,1,1,1,0,20130812,20130831
73,0,0,0,0,0,0,1,20130818,20130908
74,0,0,0,0,0,1,0,20130817,20130907
75,0,0,0,0,1,0,0,20130816,20130906
76,0,0,0,1,0,0,0,20130815,20130905
77,0,0,1,0,0,0,0,20130814,20130904
78,0,0,1,1,1,1,0,20130814,20130907
79,0,1,0,1,0,0,0,20130813,20130905
80,0,1,1,1,1,0,0,20130813,20130906
81,1,0,0,0,0,0,0,20130812,20130902
83,1,1,1,0,0,0,0,20130812,20130904
84,1,1,1,1,0,0,0,20130812,20130905
85,1,1,1,1,1,0,0,20130812,20130906
86,1,1,1,1,1,1,0,20130812,20130907
87,0,0,0,0,0,0,1,20130818,20130915
88,0,0,0,0,0,1,0,20130817,20130914
89,0,0,0,0,1,0,0,20130816,20130913
91,0,0,1,0,0,0,0,20130814,20130911
92,0,1,0,0,1,0,0,20130813,20130913
93,0,1,1,1,0,0,0,20130813,20130912
94,0,1,1,1,1,0,0,20130813,20130913
96,1,0,0,0,0,0,0,20130812,20130909
98,1,1,0,1,1,0,0,20130812,20130913
99,1,1,1,1,0,0,0,20130812,20130912
100,1,1,1,1,1,0,0,20130812,20130913
101,1,1,1,1,1,1,0,20130812,20130914
102,0,0,0,0,0,0,1,20130818,20130922
103,0,0,0,0,0,1,0,20130817,20130921
104,0,0,0,0,1,0,0,20130816,20130920
105,0,1,1,1,0,0,0,20130813,20130919
106,0,1,1,1,1,0,0,20130813,20130920
107,1,0,0,0,0,0,0,20130812,20130916
108,1,1,1,1,0,0,0,20130812,20130919
109,1,1,1,1,1,0,0,20130812,20130920
110,1,1,1,1,1,1,0,20130812,20130921
111,0,0,0,0,0,0,1,20130818,20130929
112,0,0,0,0,0,1,0,20130817,20130928
113,0,0,0,0,1,0,0,20130816,20130927
114,0,1,1,1,1,0,0,20130813,20130927
115,1,1,1,1,0,0,0,20130812,20130926
116,1,1,1,1,1,0,0,20130812,20130927
117,1,1,1,1,1,1,0,20130812,20130928
118,0,0,0,0,0,0,1,20130818,20131006
119,0,0,0,0,0,1,0,20130817,20131005
120,0,0,0,0,1,0,0,20130816,20131004
121,0,0,0,1,1,0,0,20130815,20131004
122,0,1,0,1,0,0,0,20130813,20131003
123,0,1,1,1,1,0,0,20130813,20131004
124,1,0,0,0,0,0,0,20130812,20130930
125,1,1,0,0,0,0,0,20130812,20131001
126,1,1,0,0,1,0,0,20130812,20131004
127,1,1,1,1,0,0,0,20130812,20131003
128,1,1,1,1,0,1,0,20130812,20131005
129,1,1,1,1,1,0,0,20130812,20131004
130,1,1,1,1,1,1,0,20130812,20131005
131,0,0,0,0,0,0,1,20130818,20131013
132,0,0,0,0,0,1,0,20130817,20131012
133,0,0,0,0,1,0,0,20130816,20131011
134,0,0,1,1,1,0,0,20130814,20131011
135,0,1,1,1,1,0,0,20130813,20131011
136,1,1,0,0,1,1,0,20130812,20131012
137,1,1,1,1,0,0,0,20130812,20131010
138,1,1,1,1,1,0,0,20130812,20131011
139,1,1,1,1,1,1,0,20130812,20131012
140,0,0,0,0,0,0,1,20130818,20131020
141,0,0,0,0,0,1,0,20130817,20131019
142,0,0,0,0,1,0,0,20130816,20131018
143,0,0,0,1,0,0,0,20130815,20131017
144,0,1,1,1,1,0,0,20130813,20131018
145,1,0,0,0,0,0,0,20130812,20131014
146,1,1,1,1,0,0,0,20130812,20131017
147,1,1,1,1,1,0,0,20130812,20131018
148,1,1,1,1,1,1,0,20130812,20131019
149,0,0,0,0,0,0,1,20130818,20131027
150,0,0,0,0,0,1,0,20130817,20131026
151,0,0,0,0,1,1,0,20130816,20131026
152,0,1,0,1,0,0,0,20130813,20131024
153,0,1,1,1,1,0,0,20130813,20131025
154,1,1,1,1,0,0,0,20130812,20131024
155,1,1,1,1,1,0,0,20130812,20131025
156,1,1,1,1,1,1,0,20130812,20131026
157,0,0,0,0,0,0,1,20130818,20131103
158,0,0,0,0,0,1,0,20130817,20131102
159,0,0,1,1,1,0,0,20130814,20131101
160,1,1,1,1,1,0,0,20130812,20131101
161,1,1,1,1,0,0,0,20130812,20131107
162,1,1,1,1,1,0,0,20130812,20131108
163,0,0,0,0,0,0,1,20130818,20131201
166,1,1,1,1,0,0,0,20130812,20131128
167,1,1,1,1,1,0,0,20130812,20131129
168,0,0,0,0,0,1,0,20130817,20131207
169,0,0,0,0,1,0,0,20130816,20131206
170,0,0,0,0,1,1,0,20130816,20131207
171,0,0,0,1,0,0,0,20130815,20131205
172,0,0,0,1,1,0,0,20130815,20131206
173,0,0,1,1,0,0,0,20130814,20131205
174,0,0,1,1,1,0,0,20130814,20131206
175,0,1,1,1,0,0,0,20130813,20131205
176,0,1,1,1,1,0,0,20130813,20131206
177,0,1,1,1,1,1,0,20130813,20131207
178,1,0,0,0,0,0,0,20130812,20131202
179,1,1,0,0,0,0,0,20130812,20131203
180,1,1,0,0,1,0,0,20130812,20131206
181,1,1,0,0,1,1,0,20130812,20131207
182,1,1,1,0,0,0,0,20130812,20131204
183,1,1,1,1,0,0,0,20130812,20131205
184,1,1,1,1,0,1,0,20130812,20131207
185,1,1,1,1,1,0,0,20130812,20131206
186,1,1,1,1,1,1,0,20130812,20131207
187,0,0,0,0,0,0,1,20130825,20130825
188,0,0,0,0,0,1,0,20130824,20130824
189,0,0,0,0,1,0,0,20130823,20130823
190,0,0,0,1,0,0,0,20130822,20130822
191,0,0,0,1,1,0,0,20130822,20130823
192,0,0,1,0,0,0,0,20130821,20130821
193,0,0,1,0,1,0,0,20130821,20130823
194,0,0,1,1,0,0,0,20130821,20130822
195,0,0,1,1,1,0,0,20130821,20130823
196,0,1,0,0,0,0,0,20130820,20130820
197,0,1,0,0,1,0,0,20130820,20130823
198,0,1,0,1,0,0,0,20130820,20130822
199,0,1,0,1,1,0,0,20130820,20130823
200,0,1,1,0,0,0,0,20130820,20130821
201,0,1,1,0,1,0,0,20130820,20130823
202,0,1,1,1,0,0,0,20130820,20130822
203,0,1,1,1,1,0,0,20130820,20130823
204,0,1,1,1,1,1,0,20130820,20130824
205,1,0,0,0,0,0,0,20130819,20130819
206,1,0,0,0,1,0,0,20130819,20130823
207,1,0,0,1,0,0,0,20130819,20130822
208,1,0,0,1,1,0,0,20130819,20130823
209,1,0,1,0,0,0,0,20130819,20130821
210,1,0,1,0,1,0,0,20130819,20130823
211,1,0,1,1,0,0,0,20130819,20130822
212,1,0,1,1,1,0,0,20130819,20130823
213,1,0,1,1,1,1,0,20130819,20130824
214,1,1,0,0,0,0,0,20130819,20130820
215,1,1,0,0,0,1,0,20130819,20130824
216,1,1,0,0,1,0,0,20130819,20130823
217,1,1,0,1,0,0,0,20130819,20130822
218,1,1,0,1,1,0,0,20130819,20130823
219,1,1,1,0,0,0,0,20130819,20130821
220,1,1,1,0,1,0,0,20130819,20130823
221,1,1,1,1,0,0,0,20130819,20130822
222,1,1,1,1,1,0,0,20130819,20130823
223,0,0,0,0,0,0,1,20130825,20130901
224,0,0,0,0,0,1,0,20130824,20130831
225,0,0,0,0,1,0,0,20130823,20130830
226,0,0,0,1,0,0,0,20130822,20130829
227,0,0,0,1,1,0,0,20130822,20130830
228,0,1,1,1,0,0,0,20130820,20130829
229,0,1,1,1,1,0,0,20130820,20130830
230,1,0,0,0,0,0,0,20130819,20130826
231,1,1,1,1,0,0,0,20130819,20130829
232,1,1,1,1,1,0,0,20130819,20130830
233,0,0,0,0,0,0,1,20130825,20130908
234,0,0,0,0,0,1,0,20130824,20130907
235,0,0,0,0,1,0,0,20130823,20130906
236,0,0,1,0,0,0,0,20130821,20130904
237,0,1,1,0,1,0,0,20130820,20130906
238,0,1,1,1,1,0,0,20130820,20130906
239,1,0,0,0,0,0,0,20130819,20130902
240,1,0,0,1,1,0,0,20130819,20130906
241,1,1,1,1,1,0,0,20130819,20130906
242,0,0,0,0,0,0,1,20130825,20130915
243,0,0,0,0,0,1,0,20130824,20130914
244,1,0,0,0,0,0,0,20130819,20130909
245,1,0,0,1,1,0,0,20130819,20130913
246,0,0,0,0,0,0,1,20130825,20130922
247,0,0,0,0,0,1,0,20130824,20130921
248,0,0,0,0,1,0,0,20130823,20130920
249,0,1,1,1,1,0,0,20130820,20130920
250,1,1,1,1,1,0,0,20130819,20130920
251,0,0,0,0,0,0,1,20130825,20130929
252,0,0,0,0,0,1,0,20130824,20130928
253,0,0,0,0,0,0,1,20130825,20131006
254,0,0,0,0,0,1,0,20130824,20131005
255,0,0,0,0,1,0,0,20130823,20131004
256,0,1,1,1,1,0,0,20130820,20131004
257,1,1,1,1,1,0,0,20130819,20131004
258,0,0,0,0,0,0,1,20130825,20131013
259,0,0,0,0,0,1,0,20130824,20131012
260,0,0,0,0,0,0,1,20130825,20131020
261,0,0,0,0,0,1,0,20130824,20131019
262,0,0,0,0,0,0,1,20130825,20131027
263,0,0,0,0,0,1,0,20130824,20131026
264,1,1,1,1,1,1,0,20130819,20131026
265,0,0,0,0,0,0,1,20130825,20131103
266,0,0,0,0,0,1,0,20130824,20131102
267,0,0,0,0,0,1,0,20130824,20131123
268,0,0,0,0,0,0,1,20130825,20131201
269,0,0,0,0,0,1,0,20130824,20131207
270,0,0,0,0,1,0,0,20130823,20131206
271,0,0,1,1,0,0,0,20130821,20131205
272,0,1,1,1,1,0,0,20130820,20131206
273,1,1,1,1,1,0,0,20130819,20131206
274,1,1,1,1,1,1,0,20130819,20131207
275,0,0,0,0,0,0,1,20130901,20130901
276,0,0,0,0,0,1,0,20130831,20130831
277,0,0,0,0,1,0,0,20130830,20130830
278,0,0,0,1,0,0,0,20130829,20130829
279,0,0,0,1,1,0,0,20130829,20130830
280,0,0,1,0,0,0,0,20130828,20130828
281,0,0,1,0,1,0,0,20130828,20130830
282,0,0,1,1,0,0,0,20130828,20130829
283,0,0,1,1,1,0,0,20130828,20130830
284,0,0,1,1,1,1,0,20130828,20130831
285,0,1,0,0,0,0,0,20130827,20130827
286,0,1,0,0,0,1,0,20130827,20130831
287,0,1,0,0,1,0,0,20130827,20130830
288,0,1,0,1,0,0,0,20130827,20130829
289,0,1,0,1,1,0,0,20130827,20130830
290,0,1,1,0,0,0,0,20130827,20130828
291,0,1,1,0,1,0,0,20130827,20130830
292,0,1,1,1,0,0,0,20130827,20130829
293,0,1,1,1,1,0,0,20130827,20130830
294,0,1,1,1,1,1,0,20130827,20130831
295,1,0,0,0,0,0,0,20130826,20130826
296,1,0,0,0,1,0,0,20130826,20130830
297,1,0,0,1,0,0,0,20130826,20130829
298,1,0,0,1,1,0,0,20130826,20130830
299,1,0,1,0,1,0,0,20130826,20130830
300,1,0,1,1,1,0,0,20130826,20130830
301,1,1,0,0,0,0,0,20130826,20130827
302,1,1,0,1,1,0,0,20130826,20130830
303,1,1,1,0,0,0,0,20130826,20130828
304,1,1,1,0,1,0,0,20130826,20130830
305,1,1,1,0,1,1,0,20130826,20130831
306,1,1,1,1,0,0,0,20130826,20130829
307,1,1,1,1,1,0,0,20130826,20130830
308,1,1,1,1,1,1,0,20130826,20130831
309,0,0,0,0,0,0,1,20130901,20130908
310,0,0,0,0,0,1,0,20130831,20130907
311,0,0,0,0,1,0,0,20130830,20130906
312,0,0,0,1,1,0,0,20130829,20130906
313,0,0,1,0,0,0,0,20130828,20130904
314,0,0,1,1,1,0,0,20130828,20130906
315,0,1,1,1,1,0,0,20130827,20130906
316,0,1,1,1,1,1,0,20130827,20130907
317,1,0,0,0,0,0,0,20130826,20130902
318,1,1,0,1,1,0,0,20130826,20130906
319,1,1,1,1,0,0,0,20130826,20130905
320,1,1,1,1,1,0,0,20130826,20130906
321,1,1,1,1,1,1,0,20130826,20130907
322,0,0,0,0,0,0,1,20130901,20130915
323,0,0,0,0,0,1,0,20130831,20130914
324,0,0,0,0,1,0,0,20130830,20130913
325,1,0,0,0,0,0,0,20130826,20130909
326,1,1,1,1,0,0,0,20130826,20130912
327,1,1,1,1,1,0,0,20130826,20130913
328,1,1,1,1,1,1,0,20130826,20130914
329,0,0,0,0,0,0,1,20130901,20130922
330,0,0,0,0,0,1,0,20130831,20130921
331,1,1,1,1,0,0,0,20130826,20130919
332,1,1,1,1,1,0,0,20130826,20130920
333,0,0,0,0,0,0,1,20130901,20130929
334,0,0,0,0,0,1,0,20130831,20130928
335,0,0,0,1,1,0,0,20130829,20130927
336,0,1,1,1,1,0,0,20130827,20130927
337,1,1,1,1,1,0,0,20130826,20130927
338,0,0,0,0,0,0,1,20130901,20131006
339,0,0,0,0,0,1,0,20130831,20131005
340,0,0,0,0,1,0,0,20130830,20131004
341,0,1,1,1,1,0,0,20130827,20131004
342,1,0,0,0,0,0,0,20130826,20130930
343,1,1,0,0,0,0,0,20130826,20131001
344,1,1,0,0,1,0,0,20130826,20131004
345,1,1,1,1,0,0,0,20130826,20131003
346,1,1,1,1,1,0,0,20130826,20131004
347,0,0,0,0,0,0,1,20130901,20131013
348,0,0,0,0,0,1,0,20130831,20131012
349,1,1,1,1,1,1,0,20130826,20131012
350,0,0,0,0,0,0,1,20130901,20131020
351,0,0,0,0,0,1,0,20130831,20131019
352,0,0,0,0,1,0,0,20130830,20131018
353,1,1,1,1,1,0,0,20130826,20131018
354,0,0,0,0,0,0,1,20130901,20131027
355,0,0,0,0,0,1,0,20130831,20131026
356,1,1,1,1,1,1,0,20130826,20131026
357,0,0,0,0,0,0,1,20130901,20131103
358,0,0,0,0,0,1,0,20130831,20131102
359,1,1,1,1,1,0,0,20130826,20131101
360,1,1,1,1,1,0,0,20130826,20131108
361,0,0,0,0,0,0,1,20130901,20131201
362,1,1,1,1,1,0,0,20130826,20131129
363,0,0,0,0,0,1,0,20130831,20131207
364,0,0,0,0,1,0,0,20130830,20131206
365,0,0,0,1,0,0,0,20130829,20131205
366,0,0,1,1,0,0,0,20130828,20131205
367,0,0,1,1,1,0,0,20130828,20131206
368,0,1,1,1,1,0,0,20130827,20131206
369,1,0,0,0,0,0,0,20130826,20131202
371,1,1,0,0,0,0,0,20130826,20131203
372,1,1,1,0,0,0,0,20130826,20131204
373,1,1,1,1,0,0,0,20130826,20131205
374,1,1,1,1,1,0,0,20130826,20131206
375,1,1,1,1,1,1,0,20130826,20131207
376,0,0,0,0,0,0,1,20130908,20130908
377,0,0,0,0,0,1,0,20130907,20130907
378,0,0,0,0,1,0,0,20130906,20130906
379,0,0,0,0,1,1,0,20130906,20130907
380,0,0,0,1,0,0,0,20130905,20130905
381,0,0,0,1,1,0,0,20130905,20130906
382,0,0,1,0,0,0,0,20130904,20130904
383,0,0,1,0,1,0,0,20130904,20130906
384,0,0,1,1,0,0,0,20130904,20130905
385,0,0,1,1,1,0,0,20130904,20130906
386,0,1,0,0,0,0,0,20130903,20130903
387,0,1,0,0,1,0,0,20130903,20130906
388,0,1,0,1,1,0,0,20130903,20130906
389,0,1,1,0,0,0,0,20130903,20130904
390,0,1,1,1,0,0,0,20130903,20130905
391,0,1,1,1,1,0,0,20130903,20130906
392,0,1,1,1,1,1,0,20130903,20130907
393,1,0,0,0,0,0,0,20130902,20130902
394,1,0,0,0,1,0,0,20130902,20130906
395,1,0,0,1,0,0,0,20130902,20130905
396,1,0,1,0,0,0,0,20130902,20130904
397,1,0,1,0,1,0,0,20130902,20130906
398,1,0,1,1,0,0,0,20130902,20130905
399,1,0,1,1,1,0,0,20130902,20130906
400,1,1,0,0,0,0,0,20130902,20130903
401,1,1,0,0,1,0,0,20130902,20130906
402,1,1,0,1,1,0,0,20130902,20130906
403,1,1,1,0,0,0,0,20130902,20130904
404,1,1,1,0,1,0,0,20130902,20130906
405,1,1,1,1,0,0,0,20130902,20130905
406,1,1,1,1,0,1,0,20130902,20130907
407,1,1,1,1,1,0,0,20130902,20130906
408,0,0,0,0,0,0,1,20130908,20130915
409,0,0,0,0,0,1,0,20130907,20130914
410,0,0,0,0,1,0,0,20130906,20130913
411,0,1,1,1,0,0,0,20130903,20130912
412,0,1,1,1,1,0,0,20130903,20130913
413,1,0,0,0,0,0,0,20130902,20130909
414,1,0,0,0,1,0,0,20130902,20130913
415,1,0,0,1,1,0,0,20130902,20130913
416,1,0,1,1,0,0,0,20130902,20130912
417,1,1,0,1,1,0,0,20130902,20130913
418,1,1,1,1,0,0,0,20130902,20130912
419,1,1,1,1,1,0,0,20130902,20130913
420,0,0,0,0,0,0,1,20130908,20130922
421,0,0,0,0,0,1,0,20130907,20130921
422,0,0,0,0,1,0,0,20130906,20130920
423,0,1,1,0,0,0,0,20130903,20130918
424,0,1,1,1,1,0,0,20130903,20130920
425,0,1,1,1,1,1,0,20130903,20130921
426,1,0,0,0,0,0,0,20130902,20130916
427,1,1,1,0,0,0,0,20130902,20130918
428,1,1,1,1,0,0,0,20130902,20130919
429,1,1,1,1,1,0,0,20130902,20130920
430,1,1,1,1,1,1,0,20130902,20130921
431,0,0,0,0,0,0,1,20130908,20130929
432,0,0,0,0,0,1,0,20130907,20130928
433,0,0,0,0,1,1,0,20130906,20130928
434,0,0,0,1,1,1,0,20130905,20130928
435,0,1,1,1,1,0,0,20130903,20130927
436,0,1,1,1,1,1,0,20130903,20130928
437,1,0,0,0,0,0,0,20130902,20130923
438,1,1,1,1,0,0,0,20130902,20130926
439,1,1,1,1,1,0,0,20130902,20130927
440,0,0,0,0,0,0,1,20130908,20131006
441,0,0,0,0,0,1,0,20130907,20131005
442,0,0,0,0,1,0,0,20130906,20131004
443,0,0,0,1,1,0,0,20130905,20131004
444,0,1,1,1,1,0,0,20130903,20131004
445,1,0,0,0,0,0,0,20130902,20130930
446,1,0,1,0,1,0,0,20130902,20131004
447,1,1,1,0,0,0,0,20130902,20131002
448,1,1,1,1,0,0,0,20130902,20131003
449,1,1,1,1,1,0,0,20130902,20131004
451,0,0,0,0,0,0,1,20130908,20131013
452,0,0,0,0,0,1,0,20130907,20131012
453,0,1,1,1,1,0,0,20130903,20131011
454,1,0,0,0,0,0,0,20130902,20131007
455,1,1,1,1,1,0,0,20130902,20131011
456,1,1,1,1,1,1,0,20130902,20131012
457,0,0,0,0,0,0,1,20130908,20131020
458,0,0,0,0,0,1,0,20130907,20131019
459,0,0,0,0,1,0,0,20130906,20131018
460,0,1,1,1,1,0,0,20130903,20131018
461,1,0,0,0,0,0,0,20130902,20131014
462,1,1,1,0,0,0,0,20130902,20131016
463,1,1,1,1,0,0,0,20130902,20131017
464,1,1,1,1,1,0,0,20130902,20131018
465,0,0,0,0,0,0,1,20130908,20131027
466,0,0,0,0,0,1,0,20130907,20131026
467,0,0,0,0,1,0,0,20130906,20131025
468,0,1,1,1,1,0,0,20130903,20131025
469,1,1,1,1,0,0,0,20130902,20131024
470,1,1,1,1,1,0,0,20130902,20131025
471,0,0,0,0,0,0,1,20130908,20131103
472,0,0,0,0,0,1,0,20130907,20131102
473,0,0,0,0,1,0,0,20130906,20131101
474,1,1,1,1,1,0,0,20130902,20131101
475,1,1,1,1,0,0,0,20130902,20131107
476,1,1,1,1,1,0,0,20130902,20131108
477,0,0,0,0,0,0,1,20130908,20131201
478,1,1,1,1,1,0,0,20130902,20131129
479,0,0,0,0,0,1,0,20130907,20131207
480,0,0,0,0,1,0,0,20130906,20131206
481,0,0,1,1,0,0,0,20130904,20131205
482,0,1,1,1,0,0,0,20130903,20131205
483,0,1,1,1,1,0,0,20130903,20131206
484,0,1,1,1,1,1,0,20130903,20131207
485,1,0,0,0,0,0,0,20130902,20131202
486,1,0,0,0,1,0,0,20130902,20131206
488,1,1,1,1,0,0,0,20130902,20131205
489,1,1,1,1,1,0,0,20130902,20131206
490,1,1,1,1,1,1,0,20130902,20131207
491,0,0,0,0,0,0,1,20130915,20130915
492,0,0,0,0,0,1,0,20130914,20130914
493,0,0,0,0,1,0,0,20130913,20130913
494,0,0,0,1,0,0,0,20130912,20130912
495,0,0,0,1,1,0,0,20130912,20130913
496,0,0,1,0,0,0,0,20130911,20130911
497,0,0,1,0,1,0,0,20130911,20130913
498,0,0,1,1,0,0,0,20130911,20130912
499,0,0,1,1,1,0,0,20130911,20130913
500,0,1,0,0,0,0,0,20130910,20130910
501,0,1,0,0,1,0,0,20130910,20130913
502,0,1,0,1,0,0,0,20130910,20130912
503,0,1,1,0,0,0,0,20130910,20130911
504,0,1,1,0,1,0,0,20130910,20130913
505,0,1,1,1,0,0,0,20130910,20130912
506,0,1,1,1,1,0,0,20130910,20130913
507,0,1,1,1,1,1,0,20130910,20130914
508,1,0,0,0,0,0,0,20130909,20130909
509,1,0,0,0,1,0,0,20130909,20130913
510,1,0,1,0,1,0,0,20130909,20130913
511,1,0,1,1,0,0,0,20130909,20130912
512,1,0,1,1,1,0,0,20130909,20130913
513,1,1,0,0,0,0,0,20130909,20130910
514,1,1,0,1,0,0,0,20130909,20130912
515,1,1,0,1,1,0,0,20130909,20130913
516,1,1,1,0,0,0,0,20130909,20130911
517,1,1,1,0,1,0,0,20130909,20130913
518,1,1,1,1,0,0,0,20130909,20130912
519,1,1,1,1,1,0,0,20130909,20130913
521,0,0,0,0,0,0,1,20130915,20130922
522,0,0,0,0,0,1,0,20130914,20130921
523,0,0,0,0,1,0,0,20130913,20130920
524,0,0,0,1,1,0,0,20130912,20130920
525,0,0,1,1,1,0,0,20130911,20130920
526,0,1,1,1,1,0,0,20130910,20130920
527,1,0,0,0,0,0,0,20130909,20130916
528,1,1,1,0,0,0,0,20130909,20130918
529,1,1,1,1,0,0,0,20130909,20130919
530,1,1,1,1,1,0,0,20130909,20130920
531,1,1,1,1,1,1,0,20130909,20130921
532,0,0,0,0,0,0,1,20130915,20130929
533,0,0,0,0,0,1,0,20130914,20130928
534,0,0,0,0,1,0,0,20130913,20130927
535,0,0,0,1,1,0,0,20130912,20130927
536,0,1,1,1,0,0,0,20130910,20130926
537,0,1,1,1,1,0,0,20130910,20130927
538,0,1,1,1,1,1,0,20130910,20130928
539,1,0,0,0,0,0,0,20130909,20130923
540,1,1,1,1,0,0,0,20130909,20130926
541,1,1,1,1,1,0,0,20130909,20130927
542,0,0,0,0,0,0,1,20130915,20131006
543,0,0,0,0,0,1,0,20130914,20131005
544,0,0,0,0,1,0,0,20130913,20131004
545,0,0,1,1,1,0,0,20130911,20131004
546,0,1,1,1,1,0,0,20130910,20131004
547,1,0,0,0,0,0,0,20130909,20130930
548,1,1,1,1,0,0,0,20130909,20131003
549,1,1,1,1,1,0,0,20130909,20131004
550,1,1,1,1,1,1,0,20130909,20131005
551,0,0,0,0,0,0,1,20130915,20131013
552,0,0,0,0,0,1,0,20130914,20131012
553,0,0,0,0,1,0,0,20130913,20131011
554,0,1,1,1,1,0,0,20130910,20131011
555,1,1,1,1,0,0,0,20130909,20131010
556,1,1,1,1,1,0,0,20130909,20131011
557,0,0,0,0,0,0,1,20130915,20131020
558,0,0,0,0,0,1,0,20130914,20131019
559,0,0,0,0,1,0,0,20130913,20131018
560,0,1,1,1,1,0,0,20130910,20131018
561,1,0,0,0,0,0,0,20130909,20131014
562,1,1,1,1,0,0,0,20130909,20131017
563,1,1,1,1,1,0,0,20130909,20131018
564,0,0,0,0,0,0,1,20130915,20131027
565,0,0,0,0,0,1,0,20130914,20131026
566,1,1,1,1,1,0,0,20130909,20131025
567,1,1,1,1,1,1,0,20130909,20131026
568,0,0,0,0,0,0,1,20130915,20131103
569,0,0,0,0,0,1,0,20130914,20131102
570,0,0,0,0,1,0,0,20130913,20131101
571,1,1,1,1,1,0,0,20130909,20131101
572,1,1,1,1,1,0,0,20130909,20131108
573,1,1,1,1,1,0,0,20130909,20131122
574,0,0,0,0,0,0,1,20130915,20131201
576,0,0,0,0,0,1,0,20130914,20131207
577,0,0,0,0,1,0,0,20130913,20131206
578,0,0,0,1,0,0,0,20130912,20131205
579,0,0,0,1,1,0,0,20130912,20131206
580,0,1,1,1,1,0,0,20130910,20131206
581,1,0,0,0,0,0,0,20130909,20131202
583,1,1,1,0,0,0,0,20130909,20131204
584,1,1,1,1,0,0,0,20130909,20131205
585,1,1,1,1,1,0,0,20130909,20131206
586,1,1,1,1,1,1,0,20130909,20131207
587,0,0,0,0,0,0,1,20130922,20130922
588,0,0,0,0,0,1,0,20130921,20130921
589,0,0,0,0,1,0,0,20130920,20130920
590,0,0,0,0,1,1,0,20130920,20130921
591,0,0,0,1,0,0,0,20130919,20130919
592,0,0,0,1,1,0,0,20130919,20130920
593,0,0,1,0,0,0,0,20130918,20130918
594,0,0,1,0,1,0,0,20130918,20130920
595,0,0,1,1,0,0,0,20130918,20130919
596,0,0,1,1,1,0,0,20130918,20130920
597,0,1,0,0,0,0,0,20130917,20130917
598,0,1,0,0,1,0,0,20130917,20130920
599,0,1,0,1,0,0,0,20130917,20130919
600,0,1,1,0,0,0,0,20130917,20130918
601,0,1,1,0,1,0,0,20130917,20130920
602,0,1,1,1,0,0,0,20130917,20130919
603,0,1,1,1,1,0,0,20130917,20130920
604,0,1,1,1,1,1,0,20130917,20130921
605,1,0,0,0,0,0,0,20130916,20130916
606,1,0,0,0,1,0,0,20130916,20130920
607,1,0,0,1,1,0,0,20130916,20130920
608,1,0,1,0,0,0,0,20130916,20130918
609,1,0,1,1,1,0,0,20130916,20130920
610,1,1,0,0,0,0,0,20130916,20130917
611,1,1,0,0,1,0,0,20130916,20130920
612,1,1,0,1,1,0,0,20130916,20130920
613,1,1,1,0,0,0,0,20130916,20130918
614,1,1,1,0,1,0,0,20130916,20130920
615,1,1,1,1,0,0,0,20130916,20130919
616,1,1,1,1,1,0,0,20130916,20130920
617,0,0,0,0,0,0,1,20130922,20130929
618,0,0,0,0,0,1,0,20130921,20130928
619,0,0,0,0,1,0,0,20130920,20130927
620,0,0,0,1,1,0,0,20130919,20130927
621,0,1,1,1,1,0,0,20130917,20130927
622,1,0,0,0,0,0,0,20130916,20130923
623,1,1,1,1,0,0,0,20130916,20130926
624,1,1,1,1,1,0,0,20130916,20130927
625,0,0,0,0,0,0,1,20130922,20131006
626,0,0,0,0,0,1,0,20130921,20131005
627,0,0,1,1,1,0,0,20130918,20131004
628,0,1,1,1,1,0,0,20130917,20131004
629,1,1,1,1,0,0,0,20130916,20131003
630,1,1,1,1,1,0,0,20130916,20131004
631,0,0,0,0,0,0,1,20130922,20131013
632,0,0,0,0,0,1,0,20130921,20131012
633,0,0,0,0,1,0,0,20130920,20131011
634,0,0,0,1,0,0,0,20130919,20131010
635,0,0,1,0,0,0,0,20130918,20131009
636,0,1,0,0,0,0,0,20130917,20131008
637,0,1,1,1,0,0,0,20130917,20131010
638,0,1,1,1,1,0,0,20130917,20131011
639,1,0,0,0,0,0,0,20130916,20131007
640,1,1,1,1,0,0,0,20130916,20131010
641,1,1,1,1,1,0,0,20130916,20131011
642,0,0,0,0,0,0,1,20130922,20131020
643,0,0,0,0,0,1,0,20130921,20131019
644,1,1,1,1,1,0,0,20130916,20131018
645,0,0,0,0,0,0,1,20130922,20131027
646,0,0,0,0,0,1,0,20130921,20131026
647,0,1,1,1,1,0,0,20130917,20131025
648,1,0,0,0,0,0,0,20130916,20131021
649,1,1,1,1,1,0,0,20130916,20131025
650,0,0,0,0,0,0,1,20130922,20131103
651,0,0,0,0,0,1,0,20130921,20131102
652,0,0,0,0,1,0,0,20130920,20131101
653,1,1,1,1,1,0,0,20130916,20131101
654,0,1,1,1,1,0,0,20130917,20131108
655,1,1,1,1,1,0,0,20130916,20131108
656,0,0,1,1,1,0,0,20130918,20131115
657,0,1,1,1,1,0,0,20130917,20131115
658,0,0,0,0,0,0,1,20130922,20131201
659,0,0,0,0,0,1,0,20130921,20131130
660,0,0,0,0,0,1,0,20130921,20131207
661,0,0,0,0,1,0,0,20130920,20131206
662,0,1,1,1,1,0,0,20130917,20131206
664,1,1,1,1,0,0,0,20130916,20131205
665,1,1,1,1,1,0,0,20130916,20131206
667,0,0,0,0,0,0,1,20130929,20130929
668,0,0,0,0,0,1,0,20130928,20130928
669,0,0,0,0,1,0,0,20130927,20130927
670,0,0,0,1,0,0,0,20130926,20130926
671,0,0,0,1,1,0,0,20130926,20130927
672,0,0,0,1,1,1,0,20130926,20130928
673,0,0,1,0,0,0,0,20130925,20130925
674,0,0,1,0,1,0,0,20130925,20130927
675,0,0,1,1,0,0,0,20130925,20130926
676,0,0,1,1,1,0,0,20130925,20130927
677,0,1,0,0,0,0,0,20130924,20130924
678,0,1,0,1,1,0,0,20130924,20130927
679,0,1,1,0,0,0,0,20130924,20130925
680,0,1,1,0,0,1,0,20130924,20130928
681,0,1,1,1,0,0,0,20130924,20130926
682,0,1,1,1,1,0,0,20130924,20130927
683,1,0,0,0,0,0,0,20130923,20130923
684,1,0,0,0,1,0,0,20130923,20130927
685,1,0,0,1,0,0,0,20130923,20130926
686,1,0,0,1,1,0,0,20130923,20130927
687,1,0,1,0,0,0,0,20130923,20130925
688,1,0,1,0,1,0,0,20130923,20130927
689,1,0,1,1,0,0,0,20130923,20130926
690,1,1,0,0,0,0,0,20130923,20130924
691,1,1,0,0,1,0,0,20130923,20130927
692,1,1,0,1,0,0,0,20130923,20130926
693,1,1,0,1,1,0,0,20130923,20130927
694,1,1,1,0,0,0,0,20130923,20130925
695,1,1,1,0,1,0,0,20130923,20130927
696,1,1,1,0,1,1,0,20130923,20130928
697,1,1,1,1,0,0,0,20130923,20130926
698,1,1,1,1,1,0,0,20130923,20130927
700,0,0,0,0,0,0,1,20130929,20131006
701,0,0,0,0,0,1,0,20130928,20131005
702,0,0,0,0,1,0,0,20130927,20131004
703,0,1,0,1,0,0,0,20130924,20131003
704,0,1,1,1,0,0,0,20130924,20131003
705,0,1,1,1,1,0,0,20130924,20131004
706,1,0,0,0,0,0,0,20130923,20130930
707,1,0,1,0,1,0,0,20130923,20131004
708,1,1,1,1,0,0,0,20130923,20131003
709,1,1,1,1,1,0,0,20130923,20131004
710,1,1,1,1,1,1,0,20130923,20131005
711,0,0,0,0,0,0,1,20130929,20131013
712,0,0,0,0,0,1,0,20130928,20131012
713,0,0,0,0,1,0,0,20130927,20131011
714,0,1,1,1,1,0,0,20130924,20131011
715,1,0,0,0,0,0,0,20130923,20131007
716,1,0,0,1,1,0,0,20130923,20131011
717,1,1,1,1,0,0,0,20130923,20131010
718,1,1,1,1,1,0,0,20130923,20131011
719,1,1,1,1,1,1,0,20130923,20131012
720,0,0,0,0,0,0,1,20130929,20131020
721,0,0,0,0,0,1,0,20130928,20131019
722,0,0,0,0,1,0,0,20130927,20131018
723,1,0,0,0,0,0,0,20130923,20131014
724,1,0,0,1,1,0,0,20130923,20131018
725,1,1,1,1,0,0,0,20130923,20131017
726,1,1,1,1,1,0,0,20130923,20131018
727,0,0,0,0,0,0,1,20130929,20131027
728,0,0,0,0,0,1,0,20130928,20131026
729,0,0,0,0,1,0,0,20130927,20131025
730,1,0,0,0,0,0,0,20130923,20131021
731,1,1,1,1,0,0,0,20130923,20131024
732,1,1,1,1,1,0,0,20130923,20131025
733,0,0,0,0,0,0,1,20130929,20131103
734,0,0,0,0,0,1,0,20130928,20131102
735,0,1,1,1,1,0,0,20130924,20131101
736,1,1,1,1,0,0,0,20130923,20131031
737,1,1,1,1,1,0,0,20130923,20131101
738,1,1,1,1,1,0,0,20130923,20131108
739,0,0,0,0,0,1,0,20130928,20131116
740,0,0,0,0,1,0,0,20130927,20131115
741,1,0,0,1,1,0,0,20130923,20131115
742,1,1,1,1,0,0,0,20130923,20131114
743,0,0,0,0,1,0,0,20130927,20131122
744,1,1,1,1,0,0,0,20130923,20131121
745,1,1,1,1,1,0,0,20130923,20131122
746,0,0,0,0,0,0,1,20130929,20131201
747,0,0,0,0,0,1,0,20130928,20131207
748,0,0,0,0,1,0,0,20130927,20131206
749,0,1,1,1,0,0,0,20130924,20131205
750,0,1,1,1,1,0,0,20130924,20131206
751,1,0,0,0,0,0,0,20130923,20131202
752,1,1,1,1,0,0,0,20130923,20131205
753,1,1,1,1,1,0,0,20130923,20131206
754,1,1,1,1,1,1,0,20130923,20131207
755,0,0,0,0,0,0,1,20131006,20131006
756,0,0,0,0,0,1,0,20131005,20131005
757,0,0,0,0,1,0,0,20131004,20131004
758,0,0,0,1,0,0,0,20131003,20131003
759,0,0,0,1,1,0,0,20131003,20131004
760,0,0,1,0,0,0,0,20131002,20131002
761,0,0,1,1,0,0,0,20131002,20131003
762,0,0,1,1,1,0,0,20131002,20131004
763,0,1,0,0,0,0,0,20131001,20131001
764,0,1,1,0,0,0,0,20131001,20131002
765,0,1,1,1,0,0,0,20131001,20131003
766,0,1,1,1,1,0,0,20131001,20131004
767,0,1,1,1,1,1,0,20131001,20131005
768,1,0,0,0,0,0,0,20130930,20130930
769,1,0,0,0,1,0,0,20130930,20131004
770,1,0,0,1,1,0,0,20130930,20131004
771,1,0,1,0,0,0,0,20130930,20131002
772,1,0,1,1,1,0,0,20130930,20131004
773,1,1,0,0,0,0,0,20130930,20131001
774,1,1,1,0,0,0,0,20130930,20131002
775,1,1,1,0,1,0,0,20130930,20131004
776,1,1,1,1,0,0,0,20130930,20131003
777,1,1,1,1,1,0,0,20130930,20131004
778,0,0,0,0,0,0,1,20131006,20131013
779,0,0,0,0,0,1,0,20131005,20131012
780,0,0,0,0,1,0,0,20131004,20131011
781,0,0,0,1,1,0,0,20131003,20131011
782,0,1,1,1,1,0,0,20131001,20131011
783,1,1,1,1,0,0,0,20130930,20131010
784,1,1,1,1,1,0,0,20130930,20131011
785,1,1,1,1,1,1,0,20130930,20131012
786,0,0,0,0,0,0,1,20131006,20131020
787,0,0,0,0,0,1,0,20131005,20131019
788,0,0,0,0,1,0,0,20131004,20131018
789,0,1,1,1,1,0,0,20131001,20131018
790,1,1,1,1,0,0,0,20130930,20131017
791,1,1,1,1,1,0,0,20130930,20131018
792,0,0,0,0,0,0,1,20131006,20131027
793,0,0,0,0,0,1,0,20131005,20131026
794,0,1,1,1,1,0,0,20131001,20131025
795,1,0,0,0,0,0,0,20130930,20131021
796,1,1,1,1,0,0,0,20130930,20131024
797,1,1,1,1,1,0,0,20130930,20131025
798,1,1,1,1,1,1,0,20130930,20131026
799,0,0,0,0,0,0,1,20131006,20131103
800,0,0,0,0,0,1,0,20131005,20131102
801,0,0,0,0,1,0,0,20131004,20131101
802,0,1,1,1,0,0,0,20131001,20131031
803,0,1,1,1,1,0,0,20131001,20131101
804,1,0,0,0,0,0,0,20130930,20131028
805,1,1,1,1,0,0,0,20130930,20131031
806,1,1,1,1,1,0,0,20130930,20131101
807,0,0,0,0,0,0,1,20131006,20131110
808,1,1,1,1,0,0,0,20130930,20131107
809,1,1,1,1,1,0,0,20130930,20131108
810,1,1,1,1,1,0,0,20130930,20131115
811,1,1,1,1,0,0,0,20130930,20131121
812,1,1,1,1,1,0,0,20130930,20131122
813,0,0,0,0,0,0,1,20131006,20131201
814,0,0,0,0,0,1,0,20131005,20131207
815,0,0,0,0,1,0,0,20131004,20131206
816,0,1,1,1,1,0,0,20131001,20131206
817,1,0,0,0,0,0,0,20130930,20131202
818,1,1,1,1,0,0,0,20130930,20131205
819,1,1,1,1,1,0,0,20130930,20131206
820,1,1,1,1,1,1,0,20130930,20131207
821,0,0,0,0,0,0,1,20131013,20131013
822,0,0,0,0,0,1,0,20131012,20131012
823,0,0,0,0,1,0,0,20131011,20131011
824,0,0,0,1,0,0,0,20131010,20131010
825,0,0,0,1,1,0,0,20131010,20131011
826,0,0,1,0,0,0,0,20131009,20131009
827,0,0,1,1,0,0,0,20131009,20131010
828,0,0,1,1,1,0,0,20131009,20131011
829,0,0,1,1,1,1,0,20131009,20131012
830,0,1,0,0,0,0,0,20131008,20131008
831,0,1,0,0,1,0,0,20131008,20131011
832,0,1,0,1,0,0,0,20131008,20131010
833,0,1,0,1,1,0,0,20131008,20131011
834,0,1,1,0,0,0,0,20131008,20131009
835,0,1,1,0,1,0,0,20131008,20131011
836,0,1,1,1,0,0,0,20131008,20131010
837,0,1,1,1,1,0,0,20131008,20131011
838,0,1,1,1,1,1,0,20131008,20131012
839,1,0,0,0,0,0,0,20131007,20131007
840,1,0,0,0,1,0,0,20131007,20131011
841,1,0,0,1,1,0,0,20131007,20131011
842,1,0,1,0,0,0,0,20131007,20131009
843,1,0,1,0,1,0,0,20131007,20131011
845,1,0,1,1,0,0,0,20131007,20131010
846,1,1,0,0,0,0,0,20131007,20131008
847,1,1,0,0,1,0,0,20131007,20131011
848,1,1,1,0,0,0,0,20131007,20131009
849,1,1,1,1,0,0,0,20131007,20131010
850,1,1,1,1,1,0,0,20131007,20131011
851,0,0,0,0,0,0,1,20131013,20131020
852,0,0,0,0,0,1,0,20131012,20131019
853,0,0,0,0,1,0,0,20131011,20131018
854,0,1,0,1,0,0,0,20131008,20131017
855,0,1,1,1,1,0,0,20131008,20131018
856,1,0,0,0,0,0,0,20131007,20131014
858,1,1,1,1,0,0,0,20131007,20131017
859,1,1,1,1,1,0,0,20131007,20131018
860,1,1,1,1,1,1,0,20131007,20131019
861,0,0,0,0,0,0,1,20131013,20131027
862,0,0,0,0,0,1,0,20131012,20131026
863,0,0,0,0,1,0,0,20131011,20131025
864,0,1,1,1,1,0,0,20131008,20131025
865,1,0,0,0,0,0,0,20131007,20131021
866,1,1,0,1,1,0,0,20131007,20131025
867,1,1,1,1,0,0,0,20131007,20131024
868,1,1,1,1,1,0,0,20131007,20131025
869,1,1,1,1,1,1,0,20131007,20131026
870,0,0,0,0,0,0,1,20131013,20131103
871,0,0,0,0,0,1,0,20131012,20131102
872,0,1,1,1,1,0,0,20131008,20131101
873,1,0,0,0,0,0,0,20131007,20131028
874,1,1,1,1,0,0,0,20131007,20131031
875,1,1,1,1,1,0,0,20131007,20131101
876,0,0,0,0,1,0,0,20131011,20131108
877,0,0,0,0,1,1,0,20131011,20131109
878,0,0,0,1,1,0,0,20131010,20131108
879,0,0,0,1,1,1,0,20131010,20131109
880,0,0,1,0,1,0,0,20131009,20131108
881,0,0,1,1,1,0,0,20131009,20131108
882,0,1,0,0,0,0,0,20131008,20131105
883,0,1,1,1,1,0,0,20131008,20131108
884,0,1,1,1,1,1,0,20131008,20131109
885,1,0,0,0,0,0,0,20131007,20131104
886,1,0,1,0,1,0,0,20131007,20131108
887,1,1,1,0,0,0,0,20131007,20131106
888,1,1,1,1,0,0,0,20131007,20131107
889,1,1,1,1,1,0,0,20131007,20131108
890,0,0,0,0,0,0,1,20131013,20131201
891,0,0,0,0,0,1,0,20131012,20131207
892,0,0,0,0,1,0,0,20131011,20131206
893,0,0,0,1,1,0,0,20131010,20131206
894,0,0,1,1,1,1,0,20131009,20131207
895,0,1,1,1,1,0,0,20131008,20131206
896,1,0,0,0,0,0,0,20131007,20131202
897,1,1,1,1,0,0,0,20131007,20131205
898,1,1,1,1,1,0,0,20131007,20131206
899,1,1,1,1,1,1,0,20131007,20131207
900,0,0,0,0,0,0,1,20131020,20131020
901,0,0,0,0,0,1,0,20131019,20131019
902,0,0,0,0,1,0,0,20131018,20131018
903,0,0,0,0,1,1,0,20131018,20131019
904,0,0,0,1,0,0,0,20131017,20131017
905,0,0,0,1,1,0,0,20131017,20131018
906,0,0,1,0,0,0,0,20131016,20131016
907,0,0,1,0,1,0,0,20131016,20131018
908,0,0,1,1,0,0,0,20131016,20131017
909,0,0,1,1,1,0,0,20131016,20131018
910,0,1,0,0,0,0,0,20131015,20131015
911,0,1,0,1,0,0,0,20131015,20131017
912,0,1,0,1,1,0,0,20131015,20131018
913,0,1,1,0,0,0,0,20131015,20131016
914,0,1,1,0,1,1,0,20131015,20131019
915,0,1,1,1,0,0,0,20131015,20131017
916,0,1,1,1,1,0,0,20131015,20131018
917,1,0,0,0,0,0,0,20131014,20131014
918,1,0,0,0,1,0,0,20131014,20131018
919,1,0,0,1,1,0,0,20131014,20131018
920,1,0,1,0,0,0,0,20131014,20131016
921,1,0,1,0,1,0,0,20131014,20131018
922,1,0,1,1,1,0,0,20131014,20131018
923,1,1,0,0,0,0,0,20131014,20131015
924,1,1,0,0,1,0,0,20131014,20131018
925,1,1,0,1,0,0,0,20131014,20131017
926,1,1,1,0,0,0,0,20131014,20131016
927,1,1,1,0,1,0,0,20131014,20131018
928,1,1,1,1,0,0,0,20131014,20131017
929,1,1,1,1,1,0,0,20131014,20131018
930,0,0,0,0,0,0,1,20131020,20131027
931,0,0,0,0,0,1,0,20131019,20131026
932,0,0,0,0,1,0,0,20131018,20131025
933,0,1,1,1,1,0,0,20131015,20131025
934,1,0,0,0,0,0,0,20131014,20131021
935,1,0,0,1,1,0,0,20131014,20131025
936,1,1,0,0,0,0,0,20131014,20131022
937,1,1,0,1,1,0,0,20131014,20131025
938,1,1,1,1,0,0,0,20131014,20131024
939,1,1,1,1,1,0,0,20131014,20131025
940,0,0,0,0,0,0,1,20131020,20131103
941,0,0,0,0,0,1,0,20131019,20131102
942,0,0,0,0,1,0,0,20131018,20131101
943,0,0,0,1,1,0,0,20131017,20131101
944,0,1,0,1,0,0,0,20131015,20131031
945,0,1,1,1,1,0,0,20131015,20131101
946,0,1,1,1,1,1,0,20131015,20131102
947,1,0,0,0,0,0,0,20131014,20131028
948,1,0,1,0,1,0,0,20131014,20131101
949,1,1,1,1,1,0,0,20131014,20131101
950,0,1,1,1,1,0,0,20131015,20131108
951,1,0,0,0,0,0,0,20131014,20131104
952,1,1,1,1,0,0,0,20131014,20131107
953,1,1,1,1,1,0,0,20131014,20131108
954,0,1,1,1,1,0,0,20131015,20131115
955,1,0,0,1,1,0,0,20131014,20131115
956,1,1,1,1,0,0,0,20131014,20131114
957,1,1,1,1,1,0,0,20131014,20131115
958,1,1,1,1,1,0,0,20131014,20131122
959,0,0,0,0,0,0,1,20131020,20131201
960,0,0,0,0,0,1,0,20131019,20131130
961,0,0,0,0,0,1,0,20131019,20131207
962,0,0,0,0,1,0,0,20131018,20131206
963,0,0,0,1,1,0,0,20131017,20131206
964,0,0,1,1,1,0,0,20131016,20131206
965,0,1,1,1,1,0,0,20131015,20131206
966,1,0,0,0,0,0,0,20131014,20131202
967,1,1,0,0,0,0,0,20131014,20131203
968,1,1,0,0,1,0,0,20131014,20131206
969,1,1,1,0,0,0,0,20131014,20131204
970,1,1,1,1,0,0,0,20131014,20131205
971,1,1,1,1,0,1,0,20131014,20131207
972,1,1,1,1,1,0,0,20131014,20131206
973,1,1,1,1,1,1,0,20131014,20131207
974,0,0,0,0,0,0,1,20131027,20131027
975,0,0,0,0,0,1,0,20131026,20131026
976,0,0,0,0,1,0,0,20131025,20131025
977,0,0,0,1,0,0,0,20131024,20131024
978,0,0,0,1,1,0,0,20131024,20131025
979,0,0,1,0,0,0,0,20131023,20131023
980,0,0,1,1,0,0,0,20131023,20131024
981,0,0,1,1,1,0,0,20131023,20131025
982,0,1,0,0,0,0,0,20131022,20131022
983,0,1,1,0,0,0,0,20131022,20131023
984,0,1,1,1,0,0,0,20131022,20131024
985,0,1,1,1,1,0,0,20131022,20131025
986,0,1,1,1,1,1,0,20131022,20131026
987,1,0,0,0,0,0,0,20131021,20131021
988,1,0,0,0,1,0,0,20131021,20131025
989,1,0,0,1,0,0,0,20131021,20131024
990,1,0,0,1,1,0,0,20131021,20131025
991,1,0,1,0,1,0,0,20131021,20131025
992,1,0,1,1,1,0,0,20131021,20131025
993,1,1,0,0,0,0,0,20131021,20131022
994,1,1,0,0,1,0,0,20131021,20131025
995,1,1,0,1,1,0,0,20131021,20131025
996,1,1,1,0,0,0,0,20131021,20131023
997,1,1,1,0,1,0,0,20131021,20131025
998,1,1,1,1,0,0,0,20131021,20131024
999,1,1,1,1,1,0,0,20131021,20131025
1000,1,1,1,1,1,1,0,20131021,20131026
1001,0,0,0,0,0,0,1,20131027,20131103
1002,0,0,0,0,0,1,0,20131026,20131102
1003,0,0,0,0,1,0,0,20131025,20131101
1004,0,1,1,1,1,0,0,20131022,20131101
1005,1,0,0,0,0,0,0,20131021,20131028
1007,1,1,1,0,0,0,0,20131021,20131030
1008,1,1,1,1,0,0,0,20131021,20131031
1009,1,1,1,1,1,0,0,20131021,20131101
1010,1,1,1,1,1,1,0,20131021,20131102
1011,0,0,0,0,0,0,1,20131027,20131110
1012,0,0,0,0,0,1,0,20131026,20131109
1013,0,0,0,0,1,0,0,20131025,20131108
1014,0,0,1,1,0,0,0,20131023,20131107
1015,0,0,1,1,1,0,0,20131023,20131108
1016,0,1,1,1,1,0,0,20131022,20131108
1017,0,1,1,1,1,1,0,20131022,20131109
1018,1,0,0,0,0,0,0,20131021,20131104
1019,1,1,1,1,0,0,0,20131021,20131107
1020,1,1,1,1,1,0,0,20131021,20131108
1021,0,0,0,0,0,1,0,20131026,20131116
1022,0,0,0,0,1,0,0,20131025,20131115
1023,1,0,0,0,0,0,0,20131021,20131111
1024,1,1,1,1,0,0,0,20131021,20131114
1025,0,0,0,0,0,1,0,20131026,20131123
1026,0,0,0,0,1,0,0,20131025,20131122
1027,0,0,0,0,0,0,1,20131027,20131201
1028,0,0,0,0,0,1,0,20131026,20131130
1029,0,0,0,0,0,1,0,20131026,20131207
1030,0,0,0,0,1,0,0,20131025,20131206
1031,0,0,0,1,0,0,0,20131024,20131205
1032,0,1,0,1,0,0,0,20131022,20131205
1033,0,1,1,1,1,0,0,20131022,20131206
1034,1,0,0,0,0,0,0,20131021,20131202
1035,1,0,1,0,1,0,0,20131021,20131206
1036,1,1,0,0,1,1,0,20131021,20131207
1037,1,1,1,0,0,0,0,20131021,20131204
1038,1,1,1,1,0,0,0,20131021,20131205
1039,1,1,1,1,1,0,0,20131021,20131206
1040,1,1,1,1,1,1,0,20131021,20131207
1041,0,0,0,0,0,0,1,20131103,20131103
1042,0,0,0,0,0,1,0,20131102,20131102
1043,0,0,0,0,1,0,0,20131101,20131101
1044,0,0,0,0,1,1,0,20131101,20131102
1045,0,0,0,1,0,0,0,20131031,20131031
1046,0,0,0,1,1,0,0,20131031,20131101
1047,0,0,1,0,0,0,0,20131030,20131030
1048,0,0,1,1,0,0,0,20131030,20131031
1049,0,0,1,1,1,0,0,20131030,20131101
1050,0,1,0,0,0,0,0,20131029,20131029
1051,0,1,0,0,1,0,0,20131029,20131101
1052,0,1,1,0,0,0,0,20131029,20131030
1053,0,1,1,1,0,0,0,20131029,20131031
1054,0,1,1,1,1,0,0,20131029,20131101
1055,0,1,1,1,1,1,0,20131029,20131102
1056,1,0,0,0,0,0,0,20131028,20131028
1057,1,0,0,0,0,1,0,20131028,20131102
1058,1,0,0,0,1,0,0,20131028,20131101
1059,1,0,0,1,1,0,0,20131028,20131101
1060,1,0,1,1,1,0,0,20131028,20131101
1061,1,1,0,0,0,0,0,20131028,20131029
1062,1,1,0,1,1,0,0,20131028,20131101
1063,1,1,1,0,0,0,0,20131028,20131030
1064,1,1,1,0,1,0,0,20131028,20131101
1065,1,1,1,1,0,0,0,20131028,20131031
1066,1,1,1,1,1,0,0,20131028,20131101
1067,1,1,1,1,1,1,0,20131028,20131102
1068,0,0,0,0,0,0,1,20131103,20131110
1069,0,0,0,0,0,1,0,20131102,20131109
1070,0,0,0,0,1,0,0,20131101,20131108
1071,0,1,0,1,0,0,0,20131029,20131107
1072,0,1,1,1,1,0,0,20131029,20131108
1073,1,0,0,0,0,0,0,20131028,20131104
1074,1,1,1,1,0,0,0,20131028,20131107
1075,1,1,1,1,1,0,0,20131028,20131108
1076,0,0,0,0,0,0,1,20131103,20131117
1077,0,0,0,0,0,1,0,20131102,20131116
1078,0,0,0,0,1,0,0,20131101,20131115
1079,1,0,0,0,0,0,0,20131028,20131111
1080,1,1,1,1,1,0,0,20131028,20131115
1081,0,0,0,0,0,0,1,20131103,20131124
1082,0,0,0,0,0,1,0,20131102,20131123
1083,1,1,1,1,1,0,0,20131028,20131122
1084,0,0,0,0,0,0,1,20131103,20131201
1085,1,1,1,1,1,0,0,20131028,20131129
1086,0,0,0,0,0,1,0,20131102,20131207
1087,0,0,0,0,1,0,0,20131101,20131206
1088,0,0,0,0,1,1,0,20131101,20131207
1089,0,0,0,1,0,0,0,20131031,20131205
1090,0,0,1,0,0,0,0,20131030,20131204
1091,0,1,0,0,0,0,0,20131029,20131203
1092,0,1,1,1,0,0,0,20131029,20131205
1093,0,1,1,1,1,0,0,20131029,20131206
1094,0,1,1,1,1,1,0,20131029,20131207
1095,1,0,0,0,0,0,0,20131028,20131202
1096,1,1,1,0,1,0,0,20131028,20131206
1097,1,1,1,1,0,0,0,20131028,20131205
1098,1,1,1,1,1,0,0,20131028,20131206
1099,1,1,1,1,1,1,0,20131028,20131207
1100,0,0,0,0,0,0,1,20131110,20131110
1101,0,0,0,0,0,1,0,20131109,20131109
1102,0,0,0,0,1,0,0,20131108,20131108
1103,0,0,0,1,0,0,0,20131107,20131107
1104,0,0,0,1,1,0,0,20131107,20131108
1105,0,0,1,0,0,0,0,20131106,20131106
1106,0,0,1,0,1,0,0,20131106,20131108
1107,0,0,1,1,0,0,0,20131106,20131107
1108,0,0,1,1,1,0,0,20131106,20131108
1109,0,1,0,0,0,0,0,20131105,20131105
1110,0,1,0,1,0,0,0,20131105,20131107
1111,0,1,0,1,1,0,0,20131105,20131108
1112,0,1,1,0,0,0,0,20131105,20131106
1113,0,1,1,0,1,0,0,20131105,20131108
1114,0,1,1,1,0,0,0,20131105,20131107
1115,0,1,1,1,1,0,0,20131105,20131108
1116,1,0,0,0,0,0,0,20131104,20131104
1117,1,0,0,0,1,0,0,20131104,20131108
1118,1,0,0,1,1,0,0,20131104,20131108
1119,1,0,1,0,0,0,0,20131104,20131106
1120,1,0,1,0,1,0,0,20131104,20131108
1121,1,0,1,1,1,0,0,20131104,20131108
1122,1,1,0,0,0,0,0,20131104,20131105
1123,1,1,0,0,1,0,0,20131104,20131108
1124,1,1,0,1,0,0,0,20131104,20131107
1125,1,1,0,1,1,0,0,20131104,20131108
1126,1,1,1,0,0,0,0,20131104,20131106
1127,1,1,1,1,0,0,0,20131104,20131107
1128,1,1,1,1,0,1,0,20131104,20131109
1129,1,1,1,1,1,0,0,20131104,20131108
1130,0,0,0,0,0,1,0,20131109,20131116
1131,0,0,0,0,1,0,0,20131108,20131115
1132,1,0,0,0,0,0,0,20131104,20131111
1133,1,1,1,1,0,0,0,20131104,20131114
1134,1,1,1,1,1,0,0,20131104,20131115
1135,1,1,1,1,1,0,0,20131104,20131122
1136,0,0,0,0,0,0,1,20131110,20131201
1137,0,0,0,0,0,1,0,20131109,20131130
1138,0,0,0,0,0,1,0,20131109,20131207
1139,0,0,0,0,1,0,0,20131108,20131206
1140,0,0,1,1,0,0,0,20131106,20131205
1141,0,1,1,1,1,0,0,20131105,20131206
1142,1,0,0,0,0,0,0,20131104,20131202
1143,1,1,1,1,0,0,0,20131104,20131205
1144,1,1,1,1,1,0,0,20131104,20131206
1145,1,1,1,1,1,1,0,20131104,20131207
1146,0,0,0,0,0,0,1,20131117,20131117
1147,0,0,0,0,0,1,0,20131116,20131116
1148,0,0,0,0,1,0,0,20131115,20131115
1149,0,0,0,1,0,0,0,20131114,20131114
1150,0,0,0,1,1,0,0,20131114,20131115
1151,0,0,1,0,0,0,0,20131113,20131113
1152,0,0,1,1,0,0,0,20131113,20131114
1153,0,0,1,1,1,0,0,20131113,20131115
1154,0,1,0,0,0,0,0,20131112,20131112
1155,0,1,0,0,1,0,0,20131112,20131115
1156,0,1,0,1,0,0,0,20131112,20131114
1157,0,1,1,0,0,0,0,20131112,20131113
1158,0,1,1,0,1,0,0,20131112,20131115
1159,0,1,1,1,0,0,0,20131112,20131114
1160,0,1,1,1,1,0,0,20131112,20131115
1161,1,0,0,0,0,0,0,20131111,20131111
1162,1,0,0,0,1,0,0,20131111,20131115
1163,1,0,0,1,1,0,0,20131111,20131115
1164,1,0,1,0,0,0,0,20131111,20131113
1165,1,0,1,1,0,0,0,20131111,20131114
1166,1,0,1,1,1,0,0,20131111,20131115
1167,1,1,0,0,0,0,0,20131111,20131112
1168,1,1,0,0,1,0,0,20131111,20131115
1169,1,1,0,1,0,0,0,20131111,20131114
1170,1,1,1,0,0,0,0,20131111,20131113
1171,1,1,1,0,1,0,0,20131111,20131115
1172,1,1,1,1,0,0,0,20131111,20131114
1173,1,1,1,1,1,0,0,20131111,20131115
1174,0,0,0,0,0,0,1,20131117,20131124
1175,0,0,0,0,0,1,0,20131116,20131123
1176,0,0,0,0,1,0,0,20131115,20131122
1177,1,0,0,0,0,0,0,20131111,20131118
1178,1,1,1,1,0,0,0,20131111,20131121
1179,1,1,1,1,1,0,0,20131111,20131122
1180,0,0,0,0,0,0,1,20131117,20131201
1181,0,0,0,0,0,1,0,20131116,20131130
1182,0,0,0,0,0,1,0,20131116,20131207
1183,0,0,0,0,1,0,0,20131115,20131206
1184,0,0,0,1,1,0,0,20131114,20131206
1185,0,1,0,1,0,0,0,20131112,20131205
1186,0,1,1,1,0,0,0,20131112,20131205
1187,0,1,1,1,1,0,0,20131112,20131206
1188,1,0,0,0,0,0,0,20131111,20131202
1189,1,0,1,0,1,0,0,20131111,20131206
1190,1,1,1,1,0,0,0,20131111,20131205
1191,1,1,1,1,1,0,0,20131111,20131206
1192,1,1,1,1,1,1,0,20131111,20131207
1193,0,0,0,0,0,0,1,20131124,20131124
1194,0,0,0,0,0,1,0,20131123,20131123
1195,0,0,0,0,1,0,0,20131122,20131122
1196,0,1,0,0,0,0,0,20131119,20131119
1197,0,1,1,0,0,0,0,20131119,20131120
1198,0,1,1,1,0,0,0,20131119,20131121
1199,0,1,1,1,1,0,0,20131119,20131122
1200,1,0,0,0,0,0,0,20131118,20131118
1201,1,0,0,1,0,0,0,20131118,20131121
1202,1,0,1,1,0,0,0,20131118,20131121
1203,1,1,1,1,0,0,0,20131118,20131121
1204,1,1,1,1,1,0,0,20131118,20131122
1205,0,0,0,0,0,0,1,20131124,20131201
1206,0,0,0,0,1,0,0,20131122,20131129
1207,1,0,0,0,0,0,0,20131118,20131125
1208,1,1,1,1,1,0,0,20131118,20131129
1209,0,0,0,0,0,1,0,20131123,20131207
1210,0,0,0,0,1,0,0,20131122,20131206
1211,0,0,0,0,1,1,0,20131122,20131207
1212,0,0,0,1,1,0,0,20131121,20131206
1213,0,0,0,1,1,1,0,20131121,20131207
1214,0,1,0,1,0,0,0,20131119,20131205
1215,0,1,1,0,0,0,0,20131119,20131204
1216,0,1,1,1,0,0,0,20131119,20131205
1217,0,1,1,1,1,0,0,20131119,20131206
1218,0,1,1,1,1,1,0,20131119,20131207
1219,1,0,0,0,0,0,0,20131118,20131202
1220,1,0,0,0,1,0,0,20131118,20131206
1221,1,0,0,1,1,0,0,20131118,20131206
1222,1,0,1,0,1,0,0,20131118,20131206
1223,1,1,1,0,0,0,0,20131118,20131204
1224,1,1,1,1,0,0,0,20131118,20131205
1225,1,1,1,1,1,0,0,20131118,20131206
1226,0,0,0,0,0,0,1,20131201,20131201
1227,0,0,0,0,0,1,0,20131130,20131130
1228,0,0,0,0,1,0,0,20131129,20131129
1229,0,0,0,1,1,0,0,20131128,20131129
1230,0,0,1,1,0,0,0,20131127,20131128
1231,0,0,1,1,1,0,0,20131127,20131129
1232,0,1,0,0,0,0,0,20131126,20131126
1233,0,1,1,1,0,0,0,20131126,20131128
1234,0,1,1,1,1,0,0,20131126,20131129
1235,1,0,0,0,0,0,0,20131125,20131125
1236,1,1,0,0,0,0,0,20131125,20131126
1237,1,1,1,0,0,0,0,20131125,20131127
1238,1,1,1,1,0,0,0,20131125,20131128
1239,1,1,1,1,1,0,0,20131125,20131129
1240,0,0,0,0,0,1,0,20131130,20131207
1241,0,0,0,0,1,0,0,20131129,20131206
1242,0,1,1,1,1,0,0,20131126,20131206
1243,1,1,1,1,0,0,0,20131125,20131205
1244,1,1,1,1,1,0,0,20131125,20131206
1245,0,0,0,0,0,1,0,20131207,20131207
1246,0,0,0,0,1,0,0,20131206,20131206
1247,0,0,0,1,0,0,0,20131205,20131205
1248,1,0,0,0,0,0,0,20131202,20131202
1249,1,1,0,0,0,0,0,20131202,20131203
1250,1,1,1,0,0,0,0,20131202,20131204
1251,1,1,1,1,0,0,0,20131202,20131205
1252,1,1,1,1,1,0,0,20131202,20131206
